   2.6820665e-24   8.9512232e-24   2.9148242e-23   9.2610353e-23   2.8709390e-22   8.6837178e-22   2.5627415e-21   7.3794043e-21   2.0732672e-20   5.6833811e-20   1.5201129e-19   3.9670030e-19   1.0101059e-18   2.5095101e-18   6.0831536e-18   1.4387536e-17   3.3201821e-17   7.4757589e-17   1.6423533e-16   3.5204314e-16   7.3628031e-16   1.5024794e-15   2.9915205e-15   5.8115711e-15   1.1015730e-14   2.0372823e-14   3.6762697e-14   6.4726447e-14   1.1119224e-13   1.8637407e-13   3.0479991e-13   4.8636528e-13   7.5723151e-13   1.1503056e-12   1.7049679e-12   2.4656852e-12   3.4791853e-12   4.7900051e-12   6.4344719e-12   8.4335103e-12   1.0785056e-11   1.3457208e-11   1.6383479e-11   1.9461480e-11   2.2556109e-11   2.5507689e-11   2.8144701e-11   3.0299871e-11   3.1827574e-11   3.2620073e-11   3.2620073e-11   3.1827574e-11   3.0299871e-11   2.8144701e-11   2.5507689e-11   2.2556109e-11   1.9461480e-11   1.6383479e-11   1.3457208e-11   1.0785056e-11   8.4335103e-12   6.4344719e-12   4.7900051e-12   3.4791853e-12   2.4656852e-12   1.7049679e-12   1.1503056e-12   7.5723151e-13   4.8636528e-13   3.0479991e-13   1.8637407e-13   1.1119224e-13   6.4726447e-14   3.6762697e-14   2.0372823e-14   1.1015730e-14   5.8115711e-15   2.9915205e-15   1.5024794e-15   7.3628031e-16   3.5204314e-16   1.6423533e-16   7.4757589e-17   3.3201821e-17   1.4387536e-17   6.0831536e-18   2.5095101e-18   1.0101059e-18   3.9670030e-19   1.5201129e-19   5.6833811e-20   2.0732672e-20   7.3794043e-21   2.5627415e-21   8.6837178e-22   2.8709390e-22   9.2610353e-23   2.9148242e-23   8.9512232e-24   2.6820665e-24
   8.9512232e-24   2.9874127e-23   9.7280368e-23   3.0908105e-22   9.5815728e-22   2.8981345e-21   8.5529835e-21   2.4628284e-20   6.9193950e-20   1.8967916e-19   5.0732783e-19   1.3239616e-18   3.3711628e-18   8.3753275e-18   2.0302131e-17   4.8017469e-17   1.1080893e-16   2.4949861e-16   5.4812478e-16   1.1749212e-15   2.4572878e-15   5.0144278e-15   9.9840058e-15   1.9395742e-14   3.6764285e-14   6.7992976e-14   1.2269312e-13   2.1602032e-13   3.7109688e-13   6.2201136e-13   1.0172499e-12   1.6232126e-12   2.5272111e-12   3.8390702e-12   5.6902197e-12   8.2290646e-12   1.1611555e-11   1.5986331e-11   2.1474633e-11   2.8146294e-11   3.5994425e-11   4.4912560e-11   5.4678799e-11   6.4951427e-11   7.5279551e-11   8.5130257e-11   9.3931115e-11   1.0112386e-10   1.0622247e-10   1.0886738e-10   1.0886738e-10   1.0622247e-10   1.0112386e-10   9.3931115e-11   8.5130257e-11   7.5279551e-11   6.4951427e-11   5.4678799e-11   4.4912560e-11   3.5994425e-11   2.8146294e-11   2.1474633e-11   1.5986331e-11   1.1611555e-11   8.2290646e-12   5.6902197e-12   3.8390702e-12   2.5272111e-12   1.6232126e-12   1.0172499e-12   6.2201136e-13   3.7109688e-13   2.1602032e-13   1.2269312e-13   6.7992976e-14   3.6764285e-14   1.9395742e-14   9.9840058e-15   5.0144278e-15   2.4572878e-15   1.1749212e-15   5.4812478e-16   2.4949861e-16   1.1080893e-16   4.8017469e-17   2.0302131e-17   8.3753275e-18   3.3711628e-18   1.3239616e-18   5.0732783e-19   1.8967916e-19   6.9193950e-20   2.4628284e-20   8.5529835e-21   2.8981345e-21   9.5815728e-22   3.0908105e-22   9.7280368e-23   2.9874127e-23   8.9512232e-24
   2.9148242e-23   9.7280368e-23   3.1677813e-22   1.0064735e-21   3.1200876e-21   9.4373164e-21   2.7851437e-20   8.0198108e-20   2.2531915e-19   6.1766017e-19   1.6520328e-18   4.3112713e-18   1.0977658e-17   2.7272929e-17   6.6110677e-17   1.5636129e-16   3.6083173e-16   8.1245273e-16   1.7848816e-15   3.8259448e-15   8.0017689e-15   1.6328691e-14   3.2511335e-14   6.3159164e-14   1.1971708e-13   2.2140837e-13   3.9953072e-13   7.0343600e-13   1.2084183e-12   2.0254816e-12   3.3125135e-12   5.2857349e-12   8.2294630e-12   1.2501325e-11   1.8529300e-11   2.6796647e-11   3.7811192e-11   5.2056959e-11   6.9928744e-11   9.1653952e-11   1.1721015e-10   1.4625065e-10   1.7805285e-10   2.1150404e-10   2.4513595e-10   2.7721321e-10   3.0587181e-10   3.2929384e-10   3.4589665e-10   3.5450939e-10   3.5450939e-10   3.4589665e-10   3.2929384e-10   3.0587181e-10   2.7721321e-10   2.4513595e-10   2.1150404e-10   1.7805285e-10   1.4625065e-10   1.1721015e-10   9.1653952e-11   6.9928744e-11   5.2056959e-11   3.7811192e-11   2.6796647e-11   1.8529300e-11   1.2501325e-11   8.2294630e-12   5.2857349e-12   3.3125135e-12   2.0254816e-12   1.2084183e-12   7.0343600e-13   3.9953072e-13   2.2140837e-13   1.1971708e-13   6.3159164e-14   3.2511335e-14   1.6328691e-14   8.0017689e-15   3.8259448e-15   1.7848816e-15   8.1245273e-16   3.6083173e-16   1.5636129e-16   6.6110677e-17   2.7272929e-17   1.0977658e-17   4.3112713e-18   1.6520328e-18   6.1766017e-19   2.2531915e-19   8.0198108e-20   2.7851437e-20   9.4373164e-21   3.1200876e-21   1.0064735e-21   3.1677813e-22   9.7280368e-23   2.9148242e-23
   9.2610353e-23   3.0908105e-22   1.0064735e-21   3.1977870e-21   9.9132020e-21   2.9984423e-20   8.8490120e-20   2.5480697e-19   7.1588832e-19   1.9624417e-18   5.2488703e-18   1.3697854e-17   3.4878426e-17   8.6652071e-17   2.1004811e-16   4.9679408e-16   1.1464415e-15   2.5813404e-15   5.6709600e-15   1.2155865e-14   2.5423373e-14   5.1879828e-14   1.0329564e-13   2.0067051e-13   3.8036739e-13   7.0346291e-13   1.2693967e-12   2.2349703e-12   3.8394097e-12   6.4353989e-12   1.0524581e-11   1.6793938e-11   2.6146808e-11   3.9719448e-11   5.8871647e-11   8.5138820e-11   1.2013444e-10   1.6539637e-10   2.2217895e-10   2.9120469e-10   3.7240233e-10   4.6467035e-10   5.6571294e-10   6.7199470e-10   7.7885062e-10   8.8076713e-10   9.7182178e-10   1.0462387e-09   1.0989895e-09   1.1263540e-09   1.1263540e-09   1.0989895e-09   1.0462387e-09   9.7182178e-10   8.8076713e-10   7.7885062e-10   6.7199470e-10   5.6571294e-10   4.6467035e-10   3.7240233e-10   2.9120469e-10   2.2217895e-10   1.6539637e-10   1.2013444e-10   8.5138820e-11   5.8871647e-11   3.9719448e-11   2.6146808e-11   1.6793938e-11   1.0524581e-11   6.4353989e-12   3.8394097e-12   2.2349703e-12   1.2693967e-12   7.0346291e-13   3.8036739e-13   2.0067051e-13   1.0329564e-13   5.1879828e-14   2.5423373e-14   1.2155865e-14   5.6709600e-15   2.5813404e-15   1.1464415e-15   4.9679408e-16   2.1004811e-16   8.6652071e-17   3.4878426e-17   1.3697854e-17   5.2488703e-18   1.9624417e-18   7.1588832e-19   2.5480697e-19   8.8490120e-20   2.9984423e-20   9.9132020e-21   3.1977870e-21   1.0064735e-21   3.0908105e-22   9.2610353e-23
   2.8709390e-22   9.5815728e-22   3.1200876e-21   9.9132020e-21   3.0731120e-20   9.2952295e-20   2.7432110e-19   7.8990656e-19   2.2192677e-18   6.0836077e-18   1.6271600e-17   4.2463614e-17   1.0812380e-16   2.6862311e-16   6.5115324e-16   1.5400713e-15   3.5539910e-15   8.0022055e-15   1.7580087e-14   3.7683419e-14   7.8812953e-14   1.6082848e-13   3.2021849e-13   6.2208248e-13   1.1791463e-12   2.1807487e-12   3.9351544e-12   6.9284516e-12   1.1902245e-11   1.9949862e-11   3.2626407e-11   5.2061536e-11   8.1055613e-11   1.2313106e-10   1.8250325e-10   2.6393200e-10   3.7241912e-10   5.1273196e-10   6.8875907e-10   9.0274023e-10   1.1544545e-09   1.4404872e-09   1.7537212e-09   2.0831967e-09   2.4144521e-09   2.7303953e-09   3.0126665e-09   3.2433603e-09   3.4068888e-09   3.4917194e-09   3.4917194e-09   3.4068888e-09   3.2433603e-09   3.0126665e-09   2.7303953e-09   2.4144521e-09   2.0831967e-09   1.7537212e-09   1.4404872e-09   1.1544545e-09   9.0274023e-10   6.8875907e-10   5.1273196e-10   3.7241912e-10   2.6393200e-10   1.8250325e-10   1.2313106e-10   8.1055613e-11   5.2061536e-11   3.2626407e-11   1.9949862e-11   1.1902245e-11   6.9284516e-12   3.9351544e-12   2.1807487e-12   1.1791463e-12   6.2208248e-13   3.2021849e-13   1.6082848e-13   7.8812953e-14   3.7683419e-14   1.7580087e-14   8.0022055e-15   3.5539910e-15   1.5400713e-15   6.5115324e-16   2.6862311e-16   1.0812380e-16   4.2463614e-17   1.6271600e-17   6.0836077e-18   2.2192677e-18   7.8990656e-19   2.7432110e-19   9.2952295e-20   3.0731120e-20   9.9132020e-21   3.1200876e-21   9.5815728e-22   2.8709390e-22
   8.6837178e-22   2.8981345e-21   9.4373164e-21   2.9984423e-20   9.2952295e-20   2.8115244e-19   8.2973793e-19   2.3892272e-18   6.7126103e-18   1.8401064e-17   4.9216644e-17   1.2843952e-16   3.2704163e-16   8.1250325e-16   1.9695406e-15   4.6582476e-15   1.0749742e-14   2.4204239e-14   5.3174418e-14   1.1398089e-13   2.3838523e-13   4.8645726e-13   9.6856358e-13   1.8816104e-12   3.5665592e-12   6.5961020e-12   1.1902646e-11   2.0956460e-11   3.6000673e-11   6.0342268e-11   9.8684964e-11   1.5747032e-10   2.4516859e-10   3.7243404e-10   5.5201686e-10   7.9831407e-10   1.1264546e-09   1.5508583e-09   2.0832868e-09   2.7305148e-09   3.4918739e-09   4.3570358e-09   5.3044734e-09   6.3010367e-09   7.3029837e-09   8.2586157e-09   9.1124003e-09   9.8101790e-09   1.0304803e-08   1.0561390e-08   1.0561390e-08   1.0304803e-08   9.8101790e-09   9.1124003e-09   8.2586157e-09   7.3029837e-09   6.3010367e-09   5.3044734e-09   4.3570358e-09   3.4918739e-09   2.7305148e-09   2.0832868e-09   1.5508583e-09   1.1264546e-09   7.9831407e-10   5.5201686e-10   3.7243404e-10   2.4516859e-10   1.5747032e-10   9.8684964e-11   6.0342268e-11   3.6000673e-11   2.0956460e-11   1.1902646e-11   6.5961020e-12   3.5665592e-12   1.8816104e-12   9.6856358e-13   4.8645726e-13   2.3838523e-13   1.1398089e-13   5.3174418e-14   2.4204239e-14   1.0749742e-14   4.6582476e-15   1.9695406e-15   8.1250325e-16   3.2704163e-16   1.2843952e-16   4.9216644e-17   1.8401064e-17   6.7126103e-18   2.3892272e-18   8.2973793e-19   2.8115244e-19   9.2952295e-20   2.9984423e-20   9.4373164e-21   2.8981345e-21   8.6837178e-22
   2.5627415e-21   8.5529835e-21   2.7851437e-20   8.8490120e-20   2.7432110e-19   8.2973793e-19   2.4487251e-18   7.0510947e-18   1.9810276e-17   5.4305276e-17   1.4524831e-16   3.7905112e-16   9.6516626e-16   2.3978621e-15   5.8125143e-15   1.3747435e-14   3.1724673e-14   7.1431625e-14   1.5692851e-13   3.3638075e-13   7.0352321e-13   1.4356342e-12   2.8584278e-12   5.5530144e-12   1.0525640e-11   1.9466436e-11   3.5127125e-11   6.1846769e-11   1.0624530e-10   1.7808229e-10   2.9123937e-10   4.6472689e-10   7.2354230e-10   1.0991285e-09   1.6291139e-09   2.3559869e-09   3.3243964e-09   4.5768979e-09   6.1482024e-09   8.0583036e-09   1.0305229e-08   1.2858497e-08   1.5654578e-08   1.8595639e-08   2.1552588e-08   2.4372852e-08   2.6892544e-08   2.8951831e-08   3.0411566e-08   3.1168806e-08   3.1168806e-08   3.0411566e-08   2.8951831e-08   2.6892544e-08   2.4372852e-08   2.1552588e-08   1.8595639e-08   1.5654578e-08   1.2858497e-08   1.0305229e-08   8.0583036e-09   6.1482024e-09   4.5768979e-09   3.3243964e-09   2.3559869e-09   1.6291139e-09   1.0991285e-09   7.2354230e-10   4.6472689e-10   2.9123937e-10   1.7808229e-10   1.0624530e-10   6.1846769e-11   3.5127125e-11   1.9466436e-11   1.0525640e-11   5.5530144e-12   2.8584278e-12   1.4356342e-12   7.0352321e-13   3.3638075e-13   1.5692851e-13   7.1431625e-14   3.1724673e-14   1.3747435e-14   5.8125143e-15   2.3978621e-15   9.6516626e-16   3.7905112e-16   1.4524831e-16   5.4305276e-17   1.9810276e-17   7.0510947e-18   2.4487251e-18   8.2973793e-19   2.7432110e-19   8.8490120e-20   2.7851437e-20   8.5529835e-21   2.5627415e-21
   7.3794043e-21   2.4628284e-20   8.0198108e-20   2.5480697e-19   7.8990656e-19   2.3892272e-18   7.0510947e-18   2.0303601e-17   5.7043615e-17   1.5637184e-16   4.1824196e-16   1.0914763e-15   2.7791926e-15   6.9046348e-15   1.6737113e-14   3.9585686e-14   9.1351075e-14   2.0568709e-13   4.5187504e-13   9.6860708e-13   2.0257924e-12   4.1339031e-12   8.2308321e-12   1.5989884e-11   3.0308542e-11   5.6053530e-11   1.0114842e-10   1.7808754e-10   3.0593293e-10   5.1278727e-10   8.3862266e-10   1.3381793e-09   2.0834373e-09   3.1649363e-09   4.6910272e-09   6.7840555e-09   9.5725867e-09   1.3179160e-08   1.7703725e-08   2.3203855e-08   2.9673867e-08   3.7025994e-08   4.5077298e-08   5.3546071e-08   6.2060595e-08   7.0181535e-08   7.7436978e-08   8.3366686e-08   8.7569990e-08   8.9750459e-08   8.9750459e-08   8.7569990e-08   8.3366686e-08   7.7436978e-08   7.0181535e-08   6.2060595e-08   5.3546071e-08   4.5077298e-08   3.7025994e-08   2.9673867e-08   2.3203855e-08   1.7703725e-08   1.3179160e-08   9.5725867e-09   6.7840555e-09   4.6910272e-09   3.1649363e-09   2.0834373e-09   1.3381793e-09   8.3862266e-10   5.1278727e-10   3.0593293e-10   1.7808754e-10   1.0114842e-10   5.6053530e-11   3.0308542e-11   1.5989884e-11   8.2308321e-12   4.1339031e-12   2.0257924e-12   9.6860708e-13   4.5187504e-13   2.0568709e-13   9.1351075e-14   3.9585686e-14   1.6737113e-14   6.9046348e-15   2.7791926e-15   1.0914763e-15   4.1824196e-16   1.5637184e-16   5.7043615e-17   2.0303601e-17   7.0510947e-18   2.3892272e-18   7.8990656e-19   2.5480697e-19   8.0198108e-20   2.4628284e-20   7.3794043e-21
   2.0732672e-20   6.9193950e-20   2.2531915e-19   7.1588832e-19   2.2192677e-18   6.7126103e-18   1.9810276e-17   5.7043615e-17   1.6026586e-16   4.3933167e-16   1.1750642e-15   3.0665374e-15   7.8082304e-15   1.9398792e-14   4.7023453e-14   1.1121725e-13   2.5665377e-13   5.7788446e-13   1.2695574e-12   2.7213326e-12   5.6915286e-12   1.1614333e-11   2.3124786e-11   4.4924090e-11   8.5152817e-11   1.5748418e-10   2.8417973e-10   5.0034263e-10   8.5952834e-10   1.4406922e-09   2.3561372e-09   3.7596576e-09   5.8534837e-09   8.8919897e-09   1.3179591e-08   1.9060021e-08   2.6894488e-08   3.7027271e-08   4.9739183e-08   6.5191971e-08   8.3369679e-08   1.0402571e-07   1.2664611e-07   1.5043940e-07   1.7436123e-07   1.9717727e-07   2.1756166e-07   2.3422137e-07   2.4603069e-07   2.5215678e-07   2.5215678e-07   2.4603069e-07   2.3422137e-07   2.1756166e-07   1.9717727e-07   1.7436123e-07   1.5043940e-07   1.2664611e-07   1.0402571e-07   8.3369679e-08   6.5191971e-08   4.9739183e-08   3.7027271e-08   2.6894488e-08   1.9060021e-08   1.3179591e-08   8.8919897e-09   5.8534837e-09   3.7596576e-09   2.3561372e-09   1.4406922e-09   8.5952834e-10   5.0034263e-10   2.8417973e-10   1.5748418e-10   8.5152817e-11   4.4924090e-11   2.3124786e-11   1.1614333e-11   5.6915286e-12   2.7213326e-12   1.2695574e-12   5.7788446e-13   2.5665377e-13   1.1121725e-13   4.7023453e-14   1.9398792e-14   7.8082304e-15   3.0665374e-15   1.1750642e-15   4.3933167e-16   1.6026586e-16   5.7043615e-17   1.9810276e-17   6.7126103e-18   2.2192677e-18   7.1588832e-19   2.2531915e-19   6.9193950e-20   2.0732672e-20
   5.6833811e-20   1.8967916e-19   6.1766017e-19   1.9624417e-18   6.0836077e-18   1.8401064e-17   5.4305276e-17   1.5637184e-16   4.3933167e-16   1.2043259e-15   3.2211658e-15   8.4062009e-15   2.1404452e-14   5.3177288e-14   1.2890389e-13   3.0487629e-13   7.0355676e-13   1.5841362e-12   3.4801970e-12   7.4599019e-12   1.5602005e-11   3.1838000e-11   6.3391236e-11   1.2314897e-10   2.3342669e-10   4.3170636e-10   7.7901280e-10   1.3715732e-09   2.3561975e-09   3.9493235e-09   6.4588034e-09   1.0306229e-08   1.6045968e-08   2.4375327e-08   3.6128791e-08   5.2248625e-08   7.3725001e-08   1.0150167e-07   1.3634843e-07   1.7870867e-07   2.2853863e-07   2.8516236e-07   3.4717093e-07   4.1239471e-07   4.7797085e-07   5.4051573e-07   5.9639483e-07   6.4206355e-07   6.7443605e-07   6.9122933e-07   6.9122933e-07   6.7443605e-07   6.4206355e-07   5.9639483e-07   5.4051573e-07   4.7797085e-07   4.1239471e-07   3.4717093e-07   2.8516236e-07   2.2853863e-07   1.7870867e-07   1.3634843e-07   1.0150167e-07   7.3725001e-08   5.2248625e-08   3.6128791e-08   2.4375327e-08   1.6045968e-08   1.0306229e-08   6.4588034e-09   3.9493235e-09   2.3561975e-09   1.3715732e-09   7.7901280e-10   4.3170636e-10   2.3342669e-10   1.2314897e-10   6.3391236e-11   3.1838000e-11   1.5602005e-11   7.4599019e-12   3.4801970e-12   1.5841362e-12   7.0355676e-13   3.0487629e-13   1.2890389e-13   5.3177288e-14   2.1404452e-14   8.4062009e-15   3.2211658e-15   1.2043259e-15   4.3933167e-16   1.5637184e-16   5.4305276e-17   1.8401064e-17   6.0836077e-18   1.9624417e-18   6.1766017e-19   1.8967916e-19   5.6833811e-20
   1.5201129e-19   5.0732783e-19   1.6520328e-18   5.2488703e-18   1.6271600e-17   4.9216644e-17   1.4524831e-16   4.1824196e-16   1.1750642e-15   3.2211658e-15   8.6155329e-15   2.2483754e-14   5.7249696e-14   1.4223132e-13   3.4477446e-13   8.1544133e-13   1.8817772e-12   4.2370304e-12   9.3083541e-12   1.9952723e-11   4.1730106e-11   8.5155919e-11   1.6955019e-10   3.2938199e-10   6.2433774e-10   1.1546690e-09   2.0835967e-09   3.6684962e-09   6.3020344e-09   1.0563109e-08   1.7275122e-08   2.7565689e-08   4.2917556e-08   6.5195785e-08   9.6632340e-08   1.3974746e-07   1.9718953e-07   2.7148277e-07   3.6468610e-07   4.7798545e-07   6.1126383e-07   7.6271322e-07   9.2856524e-07   1.1030169e-06   1.2784109e-06   1.4456974e-06   1.5951552e-06   1.7173036e-06   1.8038891e-06   1.8488055e-06   1.8488055e-06   1.8038891e-06   1.7173036e-06   1.5951552e-06   1.4456974e-06   1.2784109e-06   1.1030169e-06   9.2856524e-07   7.6271322e-07   6.1126383e-07   4.7798545e-07   3.6468610e-07   2.7148277e-07   1.9718953e-07   1.3974746e-07   9.6632340e-08   6.5195785e-08   4.2917556e-08   2.7565689e-08   1.7275122e-08   1.0563109e-08   6.3020344e-09   3.6684962e-09   2.0835967e-09   1.1546690e-09   6.2433774e-10   3.2938199e-10   1.6955019e-10   8.5155919e-11   4.1730106e-11   1.9952723e-11   9.3083541e-12   4.2370304e-12   1.8817772e-12   8.1544133e-13   3.4477446e-13   1.4223132e-13   5.7249696e-14   2.2483754e-14   8.6155329e-15   3.2211658e-15   1.1750642e-15   4.1824196e-16   1.4524831e-16   4.9216644e-17   1.6271600e-17   5.2488703e-18   1.6520328e-18   5.0732783e-19   1.5201129e-19
   3.9670030e-19   1.3239616e-18   4.3112713e-18   1.3697854e-17   4.2463614e-17   1.2843952e-16   3.7905112e-16   1.0914763e-15   3.0665374e-15   8.4062009e-15   2.2483754e-14   5.8675327e-14   1.4940319e-13   3.7117776e-13   8.9974983e-13   2.1280381e-12   4.9108299e-12   1.1057279e-11   2.4291794e-11   5.2070155e-11   1.0890208e-10   2.2222941e-10   4.4247116e-10   8.5958047e-10   1.6293196e-09   3.0133127e-09   5.4375135e-09   9.5735885e-09   1.6446271e-08   2.7566299e-08   4.5082482e-08   7.1937534e-08   1.1200094e-07   1.7013991e-07   2.5217915e-07   3.6469568e-07   5.1460090e-07   7.0848223e-07   9.5171277e-07   1.2473874e-06   1.5952009e-06   1.9904348e-06   2.4232550e-06   2.8785173e-06   3.3362391e-06   3.7728027e-06   4.1628391e-06   4.4816070e-06   4.7075672e-06   4.8247844e-06   4.8247844e-06   4.7075672e-06   4.4816070e-06   4.1628391e-06   3.7728027e-06   3.3362391e-06   2.8785173e-06   2.4232550e-06   1.9904348e-06   1.5952009e-06   1.2473874e-06   9.5171277e-07   7.0848223e-07   5.1460090e-07   3.6469568e-07   2.5217915e-07   1.7013991e-07   1.1200094e-07   7.1937534e-08   4.5082482e-08   2.7566299e-08   1.6446271e-08   9.5735885e-09   5.4375135e-09   3.0133127e-09   1.6293196e-09   8.5958047e-10   4.4247116e-10   2.2222941e-10   1.0890208e-10   5.2070155e-11   2.4291794e-11   1.1057279e-11   4.9108299e-12   2.1280381e-12   8.9974983e-13   3.7117776e-13   1.4940319e-13   5.8675327e-14   2.2483754e-14   8.4062009e-15   3.0665374e-15   1.0914763e-15   3.7905112e-16   1.2843952e-16   4.2463614e-17   1.3697854e-17   4.3112713e-18   1.3239616e-18   3.9670030e-19
   1.0101059e-18   3.3711628e-18   1.0977658e-17   3.4878426e-17   1.0812380e-16   3.2704163e-16   9.6516626e-16   2.7791926e-15   7.8082304e-15   2.1404452e-14   5.7249696e-14   1.4940319e-13   3.8042078e-13   9.4511857e-13   2.2910055e-12   5.4185584e-12   1.2504296e-11   2.8154811e-11   6.1853451e-11   1.3258464e-10   2.7729403e-10   5.6585594e-10   1.1266508e-09   2.1887235e-09   4.1486866e-09   7.6727059e-09   1.3845374e-08   2.4376936e-08   4.1876638e-08   7.0191225e-08   1.1479215e-07   1.8317234e-07   2.8518457e-07   4.3322205e-07   6.4211606e-07   9.2861346e-07   1.3103125e-06   1.8039866e-06   2.4233171e-06   3.1761845e-06   4.0618112e-06   5.0681833e-06   6.1702600e-06   7.3294805e-06   8.4949636e-06   9.6065721e-06   1.0599710e-05   1.1411379e-05   1.1986734e-05   1.2285201e-05   1.2285201e-05   1.1986734e-05   1.1411379e-05   1.0599710e-05   9.6065721e-06   8.4949636e-06   7.3294805e-06   6.1702600e-06   5.0681833e-06   4.0618112e-06   3.1761845e-06   2.4233171e-06   1.8039866e-06   1.3103125e-06   9.2861346e-07   6.4211606e-07   4.3322205e-07   2.8518457e-07   1.8317234e-07   1.1479215e-07   7.0191225e-08   4.1876638e-08   2.4376936e-08   1.3845374e-08   7.6727059e-09   4.1486866e-09   2.1887235e-09   1.1266508e-09   5.6585594e-10   2.7729403e-10   1.3258464e-10   6.1853451e-11   2.8154811e-11   1.2504296e-11   5.4185584e-12   2.2910055e-12   9.4511857e-13   3.8042078e-13   1.4940319e-13   5.7249696e-14   2.1404452e-14   7.8082304e-15   2.7791926e-15   9.6516626e-16   3.2704163e-16   1.0812380e-16   3.4878426e-17   1.0977658e-17   3.3711628e-18   1.0101059e-18
   2.5095101e-18   8.3753275e-18   2.7272929e-17   8.6652071e-17   2.6862311e-16   8.1250325e-16   2.3978621e-15   6.9046348e-15   1.9398792e-14   5.3177288e-14   1.4223132e-13   3.7117776e-13   9.4511857e-13   2.3480555e-12   5.6917812e-12   1.3461884e-11   3.1065712e-11   6.9947902e-11   1.5366891e-10   3.2939370e-10   6.8891017e-10   1.4058143e-09   2.7990547e-09   5.4376714e-09   1.0307010e-08   1.9062095e-08   3.4397491e-08   6.0562135e-08   1.0403845e-07   1.7438330e-07   2.8518997e-07   4.5507394e-07   7.0851343e-07   1.0762982e-06   1.5952752e-06   2.3070502e-06   3.2553446e-06   4.4818300e-06   6.0204966e-06   7.8909227e-06   1.0091177e-05   1.2591410e-05   1.5329413e-05   1.8209384e-05   2.1104914e-05   2.3866598e-05   2.6333952e-05   2.8350465e-05   2.9779881e-05   3.0521392e-05   3.0521392e-05   2.9779881e-05   2.8350465e-05   2.6333952e-05   2.3866598e-05   2.1104914e-05   1.8209384e-05   1.5329413e-05   1.2591410e-05   1.0091177e-05   7.8909227e-06   6.0204966e-06   4.4818300e-06   3.2553446e-06   2.3070502e-06   1.5952752e-06   1.0762982e-06   7.0851343e-07   4.5507394e-07   2.8518997e-07   1.7438330e-07   1.0403845e-07   6.0562135e-08   3.4397491e-08   1.9062095e-08   1.0307010e-08   5.4376714e-09   2.7990547e-09   1.4058143e-09   6.8891017e-10   3.2939370e-10   1.5366891e-10   6.9947902e-11   3.1065712e-11   1.3461884e-11   5.6917812e-12   2.3480555e-12   9.4511857e-13   3.7117776e-13   1.4223132e-13   5.3177288e-14   1.9398792e-14   6.9046348e-15   2.3978621e-15   8.1250325e-16   2.6862311e-16   8.6652071e-17   2.7272929e-17   8.3753275e-18   2.5095101e-18
   6.0831536e-18   2.0302131e-17   6.6110677e-17   2.1004811e-16   6.5115324e-16   1.9695406e-15   5.8125143e-15   1.6737113e-14   4.7023453e-14   1.2890389e-13   3.4477446e-13   8.9974983e-13   2.2910055e-12   5.6917812e-12   1.3797107e-11   3.2632148e-11   7.5304537e-11   1.6955653e-10   3.7249962e-10   7.9846360e-10   1.6699460e-09   3.4077504e-09   6.7850214e-09   1.3181135e-08   2.4984607e-08   4.6207285e-08   8.3380904e-08   1.4680505e-07   2.5219339e-07   4.2271214e-07   6.9131196e-07   1.1031176e-06   1.7174651e-06   2.6089902e-06   3.8670112e-06   5.5923825e-06   7.8910863e-06   1.0864136e-05   1.4593926e-05   1.9127914e-05   2.4461418e-05   3.0522086e-05   3.7159115e-05   4.4140281e-05   5.1159162e-05   5.7853594e-05   6.3834561e-05   6.8722669e-05   7.2187629e-05   7.3985082e-05   7.3985082e-05   7.2187629e-05   6.8722669e-05   6.3834561e-05   5.7853594e-05   5.1159162e-05   4.4140281e-05   3.7159115e-05   3.0522086e-05   2.4461418e-05   1.9127914e-05   1.4593926e-05   1.0864136e-05   7.8910863e-06   5.5923825e-06   3.8670112e-06   2.6089902e-06   1.7174651e-06   1.1031176e-06   6.9131196e-07   4.2271214e-07   2.5219339e-07   1.4680505e-07   8.3380904e-08   4.6207285e-08   2.4984607e-08   1.3181135e-08   6.7850214e-09   3.4077504e-09   1.6699460e-09   7.9846360e-10   3.7249962e-10   1.6955653e-10   7.5304537e-11   3.2632148e-11   1.3797107e-11   5.6917812e-12   2.2910055e-12   8.9974983e-13   3.4477446e-13   1.2890389e-13   4.7023453e-14   1.6737113e-14   5.8125143e-15   1.9695406e-15   6.5115324e-16   2.1004811e-16   6.6110677e-17   2.0302131e-17   6.0831536e-18
   1.4387536e-17   4.8017469e-17   1.5636129e-16   4.9679408e-16   1.5400713e-15   4.6582476e-15   1.3747435e-14   3.9585686e-14   1.1121725e-13   3.0487629e-13   8.1544133e-13   2.1280381e-12   5.4185584e-12   1.3461884e-11   3.2632148e-11   7.7179737e-11   1.7810609e-10   4.0102565e-10   8.8101534e-10   1.8884816e-09   3.9496631e-09   8.0598213e-09   1.6047554e-08   3.1175285e-08   5.9092200e-08   1.0928689e-07   1.9720787e-07   3.4721513e-07   5.9647376e-07   9.9977518e-07   1.6350525e-06   2.6090322e-06   4.0620527e-06   6.1706383e-06   9.1460394e-06   1.3226791e-05   1.8663557e-05   2.5695250e-05   3.4516741e-05   4.5240277e-05   5.7854783e-05   7.2189136e-05   8.7886667e-05   1.0439813e-04   1.2099880e-04   1.3683210e-04   1.5097795e-04   1.6253903e-04   1.7073416e-04   1.7498539e-04   1.7498539e-04   1.7073416e-04   1.6253903e-04   1.5097795e-04   1.3683210e-04   1.2099880e-04   1.0439813e-04   8.7886667e-05   7.2189136e-05   5.7854783e-05   4.5240277e-05   3.4516741e-05   2.5695250e-05   1.8663557e-05   1.3226791e-05   9.1460394e-06   6.1706383e-06   4.0620527e-06   2.6090322e-06   1.6350525e-06   9.9977518e-07   5.9647376e-07   3.4721513e-07   1.9720787e-07   1.0928689e-07   5.9092200e-08   3.1175285e-08   1.6047554e-08   8.0598213e-09   3.9496631e-09   1.8884816e-09   8.8101534e-10   4.0102565e-10   1.7810609e-10   7.7179737e-11   3.2632148e-11   1.3461884e-11   5.4185584e-12   2.1280381e-12   8.1544133e-13   3.0487629e-13   1.1121725e-13   3.9585686e-14   1.3747435e-14   4.6582476e-15   1.5400713e-15   4.9679408e-16   1.5636129e-16   4.8017469e-17   1.4387536e-17
   3.3201821e-17   1.1080893e-16   3.6083173e-16   1.1464415e-15   3.5539910e-15   1.0749742e-14   3.1724673e-14   9.1351075e-14   2.5665377e-13   7.0355676e-13   1.8817772e-12   4.9108299e-12   1.2504296e-11   3.1065712e-11   7.5304537e-11   1.7810609e-10   4.1101177e-10   9.2543867e-10   2.0331010e-09   4.3580102e-09   9.1145565e-09   1.8599484e-08   3.7032612e-08   7.1942564e-08   1.3636586e-07   2.5219912e-07   4.5509254e-07   8.0126123e-07   1.3764702e-06   2.3071607e-06   3.7731771e-06   6.0208099e-06   9.3739156e-06   1.4239855e-05   2.1106127e-05   3.0523195e-05   4.3069508e-05   5.9296401e-05   7.9653574e-05   1.0440006e-04   1.3351029e-04   1.6658939e-04   2.0281426e-04   2.4091743e-04   2.7922644e-04   3.1576462e-04   3.4840870e-04   3.7508797e-04   3.9399971e-04   4.0381020e-04   4.0381020e-04   3.9399971e-04   3.7508797e-04   3.4840870e-04   3.1576462e-04   2.7922644e-04   2.4091743e-04   2.0281426e-04   1.6658939e-04   1.3351029e-04   1.0440006e-04   7.9653574e-05   5.9296401e-05   4.3069508e-05   3.0523195e-05   2.1106127e-05   1.4239855e-05   9.3739156e-06   6.0208099e-06   3.7731771e-06   2.3071607e-06   1.3764702e-06   8.0126123e-07   4.5509254e-07   2.5219912e-07   1.3636586e-07   7.1942564e-08   3.7032612e-08   1.8599484e-08   9.1145565e-09   4.3580102e-09   2.0331010e-09   9.2543867e-10   4.1101177e-10   1.7810609e-10   7.5304537e-11   3.1065712e-11   1.2504296e-11   4.9108299e-12   1.8817772e-12   7.0355676e-13   2.5665377e-13   9.1351075e-14   3.1724673e-14   1.0749742e-14   3.5539910e-15   1.1464415e-15   3.6083173e-16   1.1080893e-16   3.3201821e-17
   7.4757589e-17   2.4949861e-16   8.1245273e-16   2.5813404e-15   8.0022055e-15   2.4204239e-14   7.1431625e-14   2.0568709e-13   5.7788446e-13   1.5841362e-12   4.2370304e-12   1.1057279e-11   2.8154811e-11   6.9947902e-11   1.6955653e-10   4.0102565e-10   9.2543867e-10   2.0837280e-09   4.5777527e-09   9.8125440e-09   2.0522437e-08   4.1878804e-08   8.3383039e-08   1.6198667e-07   3.0704287e-07   5.6785434e-07   1.0246914e-06   1.8041287e-06   3.0992756e-06   5.1948285e-06   8.4957274e-06   1.3556522e-05   2.1106412e-05   3.2062616e-05   4.7522790e-05   6.8726364e-05   9.6975782e-05   1.3351243e-04   1.7934887e-04   2.3506833e-04   3.0061326e-04   3.7509451e-04   4.5665883e-04   5.4245235e-04   6.2870935e-04   7.1097911e-04   7.8448090e-04   8.4455224e-04   8.8713411e-04   9.0922351e-04   9.0922351e-04   8.8713411e-04   8.4455224e-04   7.8448090e-04   7.1097911e-04   6.2870935e-04   5.4245235e-04   4.5665883e-04   3.7509451e-04   3.0061326e-04   2.3506833e-04   1.7934887e-04   1.3351243e-04   9.6975782e-05   6.8726364e-05   4.7522790e-05   3.2062616e-05   2.1106412e-05   1.3556522e-05   8.4957274e-06   5.1948285e-06   3.0992756e-06   1.8041287e-06   1.0246914e-06   5.6785434e-07   3.0704287e-07   1.6198667e-07   8.3383039e-08   4.1878804e-08   2.0522437e-08   9.8125440e-09   4.5777527e-09   2.0837280e-09   9.2543867e-10   4.0102565e-10   1.6955653e-10   6.9947902e-11   2.8154811e-11   1.1057279e-11   4.2370304e-12   1.5841362e-12   5.7788446e-13   2.0568709e-13   7.1431625e-14   2.4204239e-14   8.0022055e-15   2.5813404e-15   8.1245273e-16   2.4949861e-16   7.4757589e-17
   1.6423533e-16   5.4812478e-16   1.7848816e-15   5.6709600e-15   1.7580087e-14   5.3174418e-14   1.5692851e-13   4.5187504e-13   1.2695574e-12   3.4801970e-12   9.3083541e-12   2.4291794e-11   6.1853451e-11   1.5366891e-10   3.7249962e-10   8.8101534e-10   2.0331010e-09   4.5777527e-09   1.0056889e-08   2.1557229e-08   4.5085847e-08   9.2003762e-08   1.8318463e-07   3.5586936e-07   6.7454408e-07   1.2475221e-06   2.2511499e-06   3.9634996e-06   6.8088147e-06   1.1412546e-05   1.8664308e-05   2.9782394e-05   4.6368786e-05   7.0438527e-05   1.0440306e-04   1.5098531e-04   2.1304660e-04   2.9331415e-04   3.9401246e-04   5.1642282e-04   6.6041883e-04   8.2404707e-04   1.0032361e-03   1.1917164e-03   1.3812148e-03   1.5619537e-03   1.7234301e-03   1.8554012e-03   1.9489495e-03   1.9974778e-03   1.9974778e-03   1.9489495e-03   1.8554012e-03   1.7234301e-03   1.5619537e-03   1.3812148e-03   1.1917164e-03   1.0032361e-03   8.2404707e-04   6.6041883e-04   5.1642282e-04   3.9401246e-04   2.9331415e-04   2.1304660e-04   1.5098531e-04   1.0440306e-04   7.0438527e-05   4.6368786e-05   2.9782394e-05   1.8664308e-05   1.1412546e-05   6.8088147e-06   3.9634996e-06   2.2511499e-06   1.2475221e-06   6.7454408e-07   3.5586936e-07   1.8318463e-07   9.2003762e-08   4.5085847e-08   2.1557229e-08   1.0056889e-08   4.5777527e-09   2.0331010e-09   8.8101534e-10   3.7249962e-10   1.5366891e-10   6.1853451e-11   2.4291794e-11   9.3083541e-12   3.4801970e-12   1.2695574e-12   4.5187504e-13   1.5692851e-13   5.3174418e-14   1.7580087e-14   5.6709600e-15   1.7848816e-15   5.4812478e-16   1.6423533e-16
   3.5204314e-16   1.1749212e-15   3.8259448e-15   1.2155865e-14   3.7683419e-14   1.1398089e-13   3.3638075e-13   9.6860708e-13   2.7213326e-12   7.4599019e-12   1.9952723e-11   5.2070155e-11   1.3258464e-10   3.2939370e-10   7.9846360e-10   1.8884816e-09   4.3580102e-09   9.8125440e-09   2.1557229e-08   4.6208537e-08   9.6642804e-08   1.9721270e-07   3.9266150e-07   7.6281617e-07   1.4459045e-06   2.6740994e-06   4.8254042e-06   8.4958748e-06   1.4594889e-05   2.4463118e-05   4.0007478e-05   6.3839415e-05   9.9392820e-05   1.5098700e-04   2.2379096e-04   3.2364132e-04   4.5667148e-04   6.2872729e-04   8.4457699e-04   1.1069671e-03   1.4156267e-03   1.7663685e-03   2.1504654e-03   2.5544781e-03   2.9606735e-03   3.3480924e-03   3.6942219e-03   3.9771056e-03   4.1776291e-03   4.2816509e-03   4.2816509e-03   4.1776291e-03   3.9771056e-03   3.6942219e-03   3.3480924e-03   2.9606735e-03   2.5544781e-03   2.1504654e-03   1.7663685e-03   1.4156267e-03   1.1069671e-03   8.4457699e-04   6.2872729e-04   4.5667148e-04   3.2364132e-04   2.2379096e-04   1.5098700e-04   9.9392820e-05   6.3839415e-05   4.0007478e-05   2.4463118e-05   1.4594889e-05   8.4958748e-06   4.8254042e-06   2.6740994e-06   1.4459045e-06   7.6281617e-07   3.9266150e-07   1.9721270e-07   9.6642804e-08   4.6208537e-08   2.1557229e-08   9.8125440e-09   4.3580102e-09   1.8884816e-09   7.9846360e-10   3.2939370e-10   1.3258464e-10   5.2070155e-11   1.9952723e-11   7.4599019e-12   2.7213326e-12   9.6860708e-13   3.3638075e-13   1.1398089e-13   3.7683419e-14   1.2155865e-14   3.8259448e-15   1.1749212e-15   3.5204314e-16
   7.3628031e-16   2.4572878e-15   8.0017689e-15   2.5423373e-14   7.8812953e-14   2.3838523e-13   7.0352321e-13   2.0257924e-12   5.6915286e-12   1.5602005e-11   4.1730106e-11   1.0890208e-10   2.7729403e-10   6.8891017e-10   1.6699460e-09   3.9496631e-09   9.1145565e-09   2.0522437e-08   4.5085847e-08   9.6642804e-08   2.0212351e-07   4.1246032e-07   8.2123154e-07   1.5953912e-06   3.0240358e-06   5.5927428e-06   1.0092087e-05   1.7768690e-05   3.0524468e-05   5.1163367e-05   8.3673603e-05   1.3351689e-04   2.0787503e-04   3.1578162e-04   4.6804739e-04   6.7687936e-04   9.5510516e-04   1.3149511e-03   1.7663898e-03   2.3151654e-03   2.9607111e-03   3.6942698e-03   4.4975889e-03   5.3425610e-03   6.1920979e-03   7.0023650e-03   7.7262770e-03   8.3179139e-03   8.7372986e-03   8.9548550e-03   8.9548550e-03   8.7372986e-03   8.3179139e-03   7.7262770e-03   7.0023650e-03   6.1920979e-03   5.3425610e-03   4.4975889e-03   3.6942698e-03   2.9607111e-03   2.3151654e-03   1.7663898e-03   1.3149511e-03   9.5510516e-04   6.7687936e-04   4.6804739e-04   3.1578162e-04   2.0787503e-04   1.3351689e-04   8.3673603e-05   5.1163367e-05   3.0524468e-05   1.7768690e-05   1.0092087e-05   5.5927428e-06   3.0240358e-06   1.5953912e-06   8.2123154e-07   4.1246032e-07   2.0212351e-07   9.6642804e-08   4.5085847e-08   2.0522437e-08   9.1145565e-09   3.9496631e-09   1.6699460e-09   6.8891017e-10   2.7729403e-10   1.0890208e-10   4.1730106e-11   1.5602005e-11   5.6915286e-12   2.0257924e-12   7.0352321e-13   2.3838523e-13   7.8812953e-14   2.5423373e-14   8.0017689e-15   2.4572878e-15   7.3628031e-16
   1.5024794e-15   5.0144278e-15   1.6328691e-14   5.1879828e-14   1.6082848e-13   4.8645726e-13   1.4356342e-12   4.1339031e-12   1.1614333e-11   3.1838000e-11   8.5155919e-11   2.2222941e-10   5.6585594e-10   1.4058143e-09   3.4077504e-09   8.0598213e-09   1.8599484e-08   4.1878804e-08   9.2003762e-08   1.9721270e-07   4.1246032e-07   8.4168102e-07   1.6758339e-06   3.2556113e-06   6.1709536e-06   1.1412747e-05   2.0594268e-05   3.6259412e-05   6.2289301e-05   1.0440576e-04   1.7074729e-04   2.7245925e-04   4.2419708e-04   6.4439507e-04   9.5511395e-04   1.3812638e-03   1.9490211e-03   2.6833354e-03   3.6045570e-03   4.7244077e-03   6.0417310e-03   7.5386567e-03   9.1779379e-03   1.0902218e-02   1.2635812e-02   1.4289272e-02   1.5766512e-02   1.6973827e-02   1.7829638e-02   1.8273592e-02   1.8273592e-02   1.7829638e-02   1.6973827e-02   1.5766512e-02   1.4289272e-02   1.2635812e-02   1.0902218e-02   9.1779379e-03   7.5386567e-03   6.0417310e-03   4.7244077e-03   3.6045570e-03   2.6833354e-03   1.9490211e-03   1.3812638e-03   9.5511395e-04   6.4439507e-04   4.2419708e-04   2.7245925e-04   1.7074729e-04   1.0440576e-04   6.2289301e-05   3.6259412e-05   2.0594268e-05   1.1412747e-05   6.1709536e-06   3.2556113e-06   1.6758339e-06   8.4168102e-07   4.1246032e-07   1.9721270e-07   9.2003762e-08   4.1878804e-08   1.8599484e-08   8.0598213e-09   3.4077504e-09   1.4058143e-09   5.6585594e-10   2.2222941e-10   8.5155919e-11   3.1838000e-11   1.1614333e-11   4.1339031e-12   1.4356342e-12   4.8645726e-13   1.6082848e-13   5.1879828e-14   1.6328691e-14   5.0144278e-15   1.5024794e-15
   2.9915205e-15   9.9840058e-15   3.2511335e-14   1.0329564e-13   3.2021849e-13   9.6856358e-13   2.8584278e-12   8.2308321e-12   2.3124786e-11   6.3391236e-11   1.6955019e-10   4.4247116e-10   1.1266508e-09   2.7990547e-09   6.7850214e-09   1.6047554e-08   3.7032612e-08   8.3383039e-08   1.8318463e-07   3.9266150e-07   8.2123154e-07   1.6758339e-06   3.3366789e-06   6.4821039e-06   1.2286713e-05   2.2723417e-05   4.1004337e-05   7.2194516e-05   1.2402148e-04   2.0787771e-04   3.3996740e-04   5.4248158e-04   8.4460008e-04   1.2830266e-03   1.9016852e-03   2.7501734e-03   3.8806099e-03   5.3426707e-03   7.1768744e-03   9.4065597e-03   1.2029424e-02   1.5009887e-02   1.8273787e-02   2.1706924e-02   2.5158608e-02   2.8450738e-02   3.1392006e-02   3.3795838e-02   3.5499806e-02   3.6383742e-02   3.6383742e-02   3.5499806e-02   3.3795838e-02   3.1392006e-02   2.8450738e-02   2.5158608e-02   2.1706924e-02   1.8273787e-02   1.5009887e-02   1.2029424e-02   9.4065597e-03   7.1768744e-03   5.3426707e-03   3.8806099e-03   2.7501734e-03   1.9016852e-03   1.2830266e-03   8.4460008e-04   5.4248158e-04   3.3996740e-04   2.0787771e-04   1.2402148e-04   7.2194516e-05   4.1004337e-05   2.2723417e-05   1.2286713e-05   6.4821039e-06   3.3366789e-06   1.6758339e-06   8.2123154e-07   3.9266150e-07   1.8318463e-07   8.3383039e-08   3.7032612e-08   1.6047554e-08   6.7850214e-09   2.7990547e-09   1.1266508e-09   4.4247116e-10   1.6955019e-10   6.3391236e-11   2.3124786e-11   8.2308321e-12   2.8584278e-12   9.6856358e-13   3.2021849e-13   1.0329564e-13   3.2511335e-14   9.9840058e-15   2.9915205e-15
   5.8115711e-15   1.9395742e-14   6.3159164e-14   2.0067051e-13   6.2208248e-13   1.8816104e-12   5.5530144e-12   1.5989884e-11   4.4924090e-11   1.2314897e-10   3.2938199e-10   8.5958047e-10   2.1887235e-09   5.4376714e-09   1.3181135e-08   3.1175285e-08   7.1942564e-08   1.6198667e-07   3.5586936e-07   7.6281617e-07   1.5953912e-06   3.2556113e-06   6.4821039e-06   1.2592662e-05   2.3869169e-05   4.4144359e-05   7.9658361e-05   1.4025094e-04   2.4093421e-04   4.0384014e-04   6.6044832e-04   1.0538688e-03   1.6407888e-03   2.4925118e-03   3.6943684e-03   5.3427105e-03   7.5387885e-03   1.0379107e-02   1.3942380e-02   1.8273948e-02   2.3369338e-02   2.9159427e-02   3.5500145e-02   4.2169637e-02   4.8875159e-02   5.5270719e-02   6.0984665e-02   6.5654544e-02   6.8964811e-02   7.0682016e-02   7.0682016e-02   6.8964811e-02   6.5654544e-02   6.0984665e-02   5.5270719e-02   4.8875159e-02   4.2169637e-02   3.5500145e-02   2.9159427e-02   2.3369338e-02   1.8273948e-02   1.3942380e-02   1.0379107e-02   7.5387885e-03   5.3427105e-03   3.6943684e-03   2.4925118e-03   1.6407888e-03   1.0538688e-03   6.6044832e-04   4.0384014e-04   2.4093421e-04   1.4025094e-04   7.9658361e-05   4.4144359e-05   2.3869169e-05   1.2592662e-05   6.4821039e-06   3.2556113e-06   1.5953912e-06   7.6281617e-07   3.5586936e-07   1.6198667e-07   7.1942564e-08   3.1175285e-08   1.3181135e-08   5.4376714e-09   2.1887235e-09   8.5958047e-10   3.2938199e-10   1.2314897e-10   4.4924090e-11   1.5989884e-11   5.5530144e-12   1.8816104e-12   6.2208248e-13   2.0067051e-13   6.3159164e-14   1.9395742e-14   5.8115711e-15
