   1.6009882e+03  -2.5621996e+02  -7.8977864e+02  -1.0036963e+02  -2.6567911e+02   3.2894760e+02  -6.0192973e+01  -6.2446892e+01   3.4092488e+01   1.3625821e+01  -2.5233652e+01   4.2255206e+01   2.7211491e+01   3.1306323e+01   2.0976149e+01   2.5014842e+01   1.1215789e+02   1.1156325e+00  -2.6732711e+01   1.0115817e+03  -4.5369833e+00  -6.5319955e+02  -1.5792073e+02  -1.0954018e+02   1.8841020e+02   6.9813303e+01  -5.2484748e+01   3.1129195e+01   2.7745961e+01  -2.0482494e+01  -2.2835852e+01  -9.7131381e+00   3.2714727e+01  -3.4325396e+01   3.9448136e+01   2.5832821e+01   3.0536822e+01  -1.6898062e+01   1.0973859e+03  -5.3606909e+02  -5.9843293e+02  -1.5476810e+02  -1.3335964e+02   2.7216603e+02   5.6229914e+01  -5.1835114e+01   6.4119418e+01   7.0656996e+01   3.4748432e+01   1.0998977e+02   9.7733596e+00   4.2174453e+01  -1.5539394e-01   1.4240918e+01   6.7222632e+01  -2.0423660e+00  -2.2024381e+01   1.0096906e+03  -1.3860279e+01  -1.1122978e+03  -1.2791054e+02  -9.6356366e+01   4.5183220e+02   1.2201092e+01  -6.1575925e+01   8.3685822e+01   3.1231415e+01   4.6826490e+00  -2.7089902e+01  -1.8011383e+00   3.1314347e+01  -3.1806099e+01   3.1575885e+00   5.3203581e+01  -2.4234795e+01  -2.0945999e+01
  -2.5621996e+02   7.3743641e+03  -1.9285530e+02  -8.8920793e+01   4.0014363e+02   2.7888828e+02  -1.0906912e+03   5.5580188e+01   2.1877891e+02  -6.2600272e+02   4.8772211e+02  -1.0740978e+02  -7.5755516e+01   8.8269003e+00   2.0636389e+02  -3.4966405e+01  -1.4136248e+01   1.0264735e+02  -8.5973526e+00   1.8391482e+01   5.6162593e+03   4.2476768e+02   2.3870335e+01   3.2423012e+02   2.5793863e+02  -1.0745780e+03  -2.1367924e+01   1.4432140e+02  -6.5596617e+02   4.6313485e+02  -1.0773261e+00  -7.7158226e+01  -2.3446913e+01   1.5519696e+02  -2.4608930e+01  -1.4745042e+02   5.0960202e+01  -4.2195380e+00  -2.5295041e+02   5.5562721e+03   3.1911037e+02   3.2629688e+01   3.6685612e+02   5.4974590e+02  -1.0173015e+03  -7.1143133e+01   1.7103288e+02  -5.6636292e+02   5.9004434e+02   8.5939021e+01  -5.9803146e+01  -6.1658722e+00   2.2055104e+02  -8.7609707e+01  -2.5036181e+01   1.7983337e+02   8.0863573e+00   5.5208417e+01   5.3978335e+03   2.8758822e+02   2.4785186e+02   5.6166946e+02   5.7793342e+02  -8.5430787e+02  -3.7013087e+01   1.1699125e+02  -6.1564476e+02   4.0362946e+02   5.3542095e+01  -1.0685044e+02  -9.5574593e+01   7.8468216e+01  -1.4054353e+02  -7.5154976e+01   6.0211255e+01  -1.7539733e+00
  -7.8977864e+02  -1.9285530e+02   1.2357505e+04  -2.4976217e+02  -1.8954611e+02  -1.5274596e+03   5.9414678e+02  -1.1388367e+02  -1.2345252e+03  -8.0307333e+01  -3.3472200e+02   3.1932410e+02   2.1293333e+01   6.5028123e+01  -8.9205678e+01   1.5209679e+02  -3.2525639e+02   2.3642800e+02   5.6765218e+01  -1.2757684e+03  -4.4538560e+02   8.9144178e+03  -1.4257452e+02  -2.6562007e+02  -1.5491219e+03  -3.8890629e+02  -1.1432165e+02  -1.0776901e+03  -2.6424606e+02  -3.8337607e+02   4.5912311e+02   2.0685283e+01   5.8598041e+01   8.3670565e+01   6.7063701e+01  -1.3680945e+02   1.0355625e+02   6.4618251e+01  -7.8228299e+02   3.9871120e+02   9.4457654e+03  -2.5497029e+02  -2.1374026e+02  -1.3624025e+03  -3.8916149e+02  -1.0534787e+02  -9.2976940e+02  -1.8940958e+02  -1.4582413e+02   3.8541922e+02   1.4823258e+01   6.8579631e+01  -7.7826248e+01   1.3987387e+02   1.0470733e+01   1.5506058e+02   6.4442872e+01  -1.0499366e+03  -8.1129414e+02   8.4375844e+03  -1.1982536e+02  -2.3844624e+02  -1.5837243e+03  -3.7767409e+02  -1.0690795e+02  -8.8063841e+02  -2.1557109e+02  -4.3786316e+02   6.0107920e+02   4.9230929e+01   1.6788211e+01   6.1708548e+01   1.7359044e+02  -1.1152452e+02   1.1842032e+02   6.4873396e+01
  -1.0036963e+02  -8.8920793e+01  -2.4976217e+02   8.9039516e+02   2.4003967e+02  -3.5925614e+02  -1.5647407e+02  -1.1595431e+01   2.5828946e+01  -1.4579119e+01   1.7032249e+01   3.2360865e+01  -1.2727004e+01  -1.0647670e+02   1.8060188e+01   6.8095165e+01  -5.7280858e+01  -4.4922583e+01   1.1188294e+01  -4.5792944e+01   4.1972220e+00  -1.8570182e+02   6.7788892e+02   1.0071091e+02  -1.6216394e+02  -2.2738487e+02  -1.7756429e+01   4.5735654e+01   8.7899942e+00  -3.6938347e+01   3.2975280e+01   1.3274419e+00  -7.8606157e+01   4.5672479e+01   3.3347222e+01  -1.9182297e+01   5.3491976e+00   7.0662981e+00   3.3866038e+01  -3.1997815e+01  -3.5930773e+02   6.5285426e+02   3.1738401e+01  -1.1825781e+02  -1.7714261e+02  -1.1311071e+01   2.5207092e+01   4.7130130e+00  -2.9335771e+01   3.2270180e+01   1.9320322e+01  -7.2141988e+01   3.0933890e+01   2.4955210e+01  -5.2841918e+01   7.5428942e+00   5.7382437e+00   5.3144933e+01  -4.4150073e+02  -3.7171080e+02   6.6614841e+02   1.6446619e+02  -3.0012492e+02  -2.2229837e+02  -6.2956477e+00   5.1755017e+01   6.5207475e+01   1.4770487e+01   1.7475339e+01  -2.0142924e+00  -8.7586994e+01   5.0432750e+01   4.9401729e+01  -8.5110894e+01  -1.4759254e+01   7.1471428e+00
  -2.6567911e+02   4.0014363e+02  -1.8954611e+02   2.4003967e+02   9.4866823e+02   1.3043334e+02  -1.5444951e+02  -3.0743142e+01  -3.7598777e+01  -6.2605254e+01   3.2870167e+00  -1.4593832e+02  -1.3056463e+02  -1.9409068e+01   5.0795913e+01  -3.6299219e+00  -7.2122739e+01  -6.6131126e+00   2.4878687e+01  -1.1926315e+02   8.6318668e+01  -1.4860507e+02   3.2780621e+02   5.5401169e+02   2.8097600e+02  -2.4176184e+02  -3.7575750e+01  -4.3414310e+01  -7.8194854e+01  -2.2514868e+01  -1.3357329e+02  -6.8490941e+01  -3.3756229e+01   4.6632918e+01  -4.2570986e+01  -2.9020498e+01   1.3005396e+01   2.0035586e+01  -1.2270172e+02   5.1310741e+02  -4.0633407e+02   2.4944207e+02   6.2189304e+02   2.5354214e+02  -1.2919288e+02  -3.7428803e+01   2.6360742e+01  -5.0198831e+01   1.9780421e+01  -1.5773323e+02  -8.5557228e+01  -2.5879028e+01   2.1295599e+01  -2.8032339e+01  -7.6480486e+01   6.2920860e+01   1.8962525e+01  -1.8018012e+02  -1.8023627e+01   5.1522469e+00   2.8707663e+02   6.2476695e+02   9.8692387e+01  -1.5617344e+02  -3.5287424e+01  -2.7132730e+01   1.8941233e+01   3.4475579e+01  -1.6613502e+02  -7.3208377e+01  -2.6948684e+01   3.7374038e+01  -3.3132965e+01  -4.4553946e+01   6.6002935e+01   2.1033848e+01
   3.2894760e+02   2.7888828e+02  -1.5274596e+03  -3.5925614e+02   1.3043334e+02   2.0464243e+03  -2.5379876e+02   2.4635333e+01   1.0081910e+02  -8.7808508e+01   2.2537675e+02   2.6304142e+01  -4.5903033e+01   3.1917732e+01   2.5106073e+01  -2.3556694e+02   1.3352258e+02   2.0747925e+01  -2.3481478e+01   3.4118053e+02  -5.2582551e+01  -9.9303525e+02  -1.2641337e+02   2.7198825e+02   1.5745167e+03  -2.0393071e+01   1.7554192e+01   8.6766621e+01  -4.4702332e+01   3.4495664e+02  -4.3859327e+01  -6.6111254e+01  -4.7074953e+00  -2.9118744e+01  -1.6422596e+02   1.2232889e+02  -3.4696189e+01  -2.5647240e+01   3.2435966e+02  -2.5110379e+02  -9.9648505e+02  -1.5055061e+02   2.3666272e+02   1.6831085e+03   1.8027716e+02   1.0601327e+01   8.9351376e+01  -4.9128243e+01   2.4134678e+02   1.2665254e+01  -3.1872723e+01  -1.8747399e+01  -2.2454050e+01  -2.0587316e+02   9.9733501e+01  -1.1189241e+01  -2.0291136e+01   3.2193916e+02   1.9196438e+02  -8.3444808e+02  -2.2412341e+02   2.4920133e+02   1.6956487e+03   1.6542151e+02   1.0600881e+01   1.8664341e+01  -1.2170828e+02   1.9876360e+02  -1.0902574e+02  -5.1841419e+01   3.1755243e+01  -3.3509570e+01  -2.2809273e+02   1.2523736e+02   3.1867290e+01  -2.0480841e+01
  -6.0192973e+01  -1.0906912e+03   5.9414678e+02  -1.5647407e+02  -1.5444951e+02  -2.5379876e+02   2.0319090e+03  -1.4393106e+01  -1.3444825e+02   3.5597132e+01  -3.5463732e+02   4.9829585e+01   2.1001790e+01  -1.5234084e+01  -2.0184270e+02  -2.9330069e+01   5.0254710e+01  -2.0598220e+01   2.5849497e+01  -3.9007568e+02  -5.6232064e+02   3.0721844e+02  -2.8516467e+02  -1.6667437e+02  -3.8994029e+02   1.6703978e+03  -2.3669996e+00  -1.5825550e+02   4.8898329e+01  -3.4103128e+02  -1.7304710e+01   2.7733029e+01   4.8182336e+01  -1.3869654e+02  -2.6654475e+01   1.3695026e+02  -3.5372965e+01   2.5873122e+01  -9.1430154e+01  -1.0432740e+03   4.8243481e+02  -3.8804615e+02   3.3876928e+01  -3.4358149e+02   1.5542833e+03   7.5084540e+00  -1.3980806e+02  -1.7541362e+01  -3.4480637e+02  -9.7535884e+01  -3.7419386e+01   6.2864813e+01  -1.7564384e+02  -7.1985319e+00   3.8641153e+01  -9.1593055e+01   1.1886077e+01  -2.7478125e+02  -6.9181085e+02   6.7531504e+02  -3.6658556e+02  -1.2392498e+02  -2.9604903e+02   1.5326715e+03   8.7940593e+00  -1.2754298e+02  -1.8586193e+01  -3.4346767e+02   2.1795456e+00   2.0401327e-01   5.4980336e+01  -1.2892844e+02   6.1396061e-01   1.5371637e+02  -8.2214264e+01   2.0692563e+01
  -6.2446892e+01   5.5580188e+01  -1.1388367e+02  -1.1595431e+01  -3.0743142e+01   2.4635333e+01  -1.4393106e+01   3.2802312e+01   2.3768714e+01   2.9523000e+01   1.3672353e+00   4.2006313e+00   8.6404903e+00   6.7599958e-01  -6.6587457e-03  -4.3777106e+00  -1.4327403e+01  -1.9033349e+00  -5.3020262e+00  -2.2566080e+01   5.4480831e+01  -7.7368722e+01  -1.3811044e+01  -3.8243453e+00   3.2316245e+01   1.0577616e+01   2.8590121e+01   2.4722206e+01   2.9002736e+01   1.1363789e+01   1.1069105e+01   3.6707347e+00  -2.3686606e+00  -4.9168493e+00  -1.6725281e+00  -1.7100361e+01  -6.6599478e+00  -4.9234234e+00  -3.9574234e+01   1.0345569e+01  -7.8775161e+01  -3.9317069e+00  -1.6451649e+01   2.1290954e+01  -1.0889232e+01   2.5076776e+01   9.2020350e+00   4.0841039e+01  -3.2646234e-01  -1.2549728e+01   7.4962370e+00  -2.0124962e+00   5.0666400e+00   2.0487079e+00  -1.8611100e+01  -1.1170169e+01  -2.9231530e+00  -5.3747497e+01   1.1220204e+01  -8.0425165e+00  -2.4301550e+01  -2.1402030e+01   3.3908984e+01   1.0901911e+00   2.9139933e+01   6.1422891e+00   2.8031710e+01  -5.8258147e+00   1.9267323e+00   6.8464370e+00   3.7261085e+00  -1.3713683e+00  -2.1669491e+00  -1.7604235e+01  -5.5029581e+00  -5.1163691e+00
   3.4092488e+01   2.1877891e+02  -1.2345252e+03   2.5828946e+01  -3.7598777e+01   1.0081910e+02  -1.3444825e+02   2.3768714e+01   2.7449637e+02   4.9378300e+00   1.3981443e+02   5.2763318e+00   1.3240715e+01  -3.2498278e+00   1.4313051e+01  -1.3784317e+01   3.9473493e+01  -4.1398393e+01  -6.4390914e+00   1.3352232e+02   2.4533667e+02  -1.0225577e+03   1.8352342e+01  -3.0045975e+01   1.3597137e+02   6.8599945e+01   2.3550325e+01   2.3773640e+02   1.9434788e+01   1.5936004e+02  -1.5100396e+01   1.6289846e+01  -1.2754093e+01  -2.9306894e+01  -1.0166478e+01   3.3760524e+01  -3.1736872e+01  -8.0618683e+00   7.2718774e+01   1.6802546e+02  -7.4536146e+02   3.5633287e+00  -2.6795410e+01   7.3646230e+01  -2.7115565e+01   1.6066971e+01   1.9281224e+02   1.1144493e+01   1.4664771e+02   1.3194001e+01   1.2968281e+01   5.2317081e+00   2.3234851e+01  -7.1755534e+00   6.1845526e+00  -4.7257695e+01  -5.6961608e+00   6.5658324e+01   2.2904786e+02  -8.5830133e+02   2.7756795e+00  -1.4778537e+01   1.8372051e+02  -2.8317787e+01   2.3144928e+01   2.1165332e+02   4.7624997e+00   1.4940899e+02  -3.8535586e+01   1.1089154e+01  -6.5725994e+00  -5.7075396e+00  -2.5422075e+01   1.4780419e+01  -4.3449032e+01  -8.4905069e+00
   1.3625821e+01  -6.2600272e+02  -8.0307333e+01  -1.4579119e+01  -6.2605254e+01  -8.7808508e+01   3.5597132e+01   2.9523000e+01   4.9378300e+00   2.1855791e+02  -1.1045470e+02   2.0613465e+01   1.7040666e+01   1.1928175e+01  -1.7592756e+01   2.2424076e+01  -3.2661356e+01  -2.2695396e+00  -5.8846080e+00   3.2320436e+01  -4.3927419e+02   2.5390844e+01  -1.5877017e+01  -6.1352406e+01  -1.1760733e+02   4.1768963e+01   3.3632912e+01   2.1867070e+00   1.9577147e+02  -1.0696023e+02   9.3326828e+00   1.7095669e+01   2.1751988e+00  -2.1999792e+00   3.0236735e+01  -3.0142194e+01  -1.0070539e+01  -6.9280839e+00   2.1553295e+01  -6.4589410e+02  -1.0257936e+02  -3.4593536e+01  -6.6743416e+01  -1.4376191e+02   2.4769914e+01   3.5271134e+01  -1.2234101e+01   2.2882300e+02  -1.4580625e+02  -3.2735027e+01   1.2869434e+01   7.9279277e+00  -1.4827847e+01   5.2024608e+01  -3.3420320e+01  -1.6743977e+01  -4.7259765e+00  -3.3650507e+01  -5.4653565e+02   1.1029246e+02  -4.8372480e+01  -9.0950756e+01  -1.0971069e+02   8.2331900e+01   3.7732752e+01  -5.8163587e+00   2.1412852e+02  -1.0934930e+02   4.2471852e+00   1.6366608e+01   1.5276332e+01  -1.0237833e+01   3.3389366e+01  -2.6198182e+01  -2.4159214e+01  -5.3276336e+00
  -2.5233652e+01   4.8772211e+02  -3.3472200e+02   1.7032249e+01   3.2870167e+00   2.2537675e+02  -3.5463732e+02   1.3672353e+00   1.3981443e+02  -1.1045470e+02   5.6251978e+02   5.1125135e+01  -1.3868370e+01   4.1557187e+00   3.9592590e+01  -4.1348675e+01   2.0834835e+01  -1.6164720e+01  -4.0817030e+00   3.7231924e+01   4.1919679e+02  -2.7881157e+02   1.4696643e+02  -3.8251495e+01   2.0806873e+02  -1.2988034e+02   5.7873251e+00   1.5148059e+02  -1.2723671e+02   5.5003550e+02   1.0613799e+02   3.0632722e+00  -2.6576480e+01  -5.3784675e+00  -2.3937171e+01   2.1140471e+01  -7.7035042e+01  -6.0874025e+00   3.5216329e+01   4.4747621e+02  -1.2041529e+02   1.4297140e+02   1.8840975e+01   1.4298109e+02  -1.0817819e+02  -5.2848433e+00   1.5632370e+02  -1.2970994e+02   5.8344233e+02   8.3013870e+01  -7.2846825e+00  -2.4073040e+01   1.7069401e+01  -3.9433911e+01   1.0812082e+01  -2.1260822e+01  -3.7448337e+00   1.0271579e+02   4.7780541e+02  -4.7794402e+02   8.8095510e+01   2.7818370e+01   1.8493703e+02  -2.4008761e+02  -2.1569047e+01   1.6613987e+02  -1.2650531e+02   5.1678787e+02   5.1194997e+01  -5.4422819e+00  -1.9582919e+01   2.6318948e+01  -3.4569826e+01  -5.3763847e-01  -2.9730077e+01  -2.9035121e+00
   4.2255206e+01  -1.0740978e+02   3.1932410e+02   3.2360865e+01  -1.4593832e+02   2.6304142e+01   4.9829585e+01   4.2006313e+00   5.2763318e+00   2.0613465e+01   5.1125135e+01   3.0678304e+02   2.4415886e+01   3.7946074e+00  -5.8701663e+01   2.2043684e+01   1.2466342e+01   3.6958782e+01  -6.0979092e+00   6.1778706e+01  -1.1176834e+02   3.2927263e+02   9.3347483e+00  -1.9737563e+01  -4.8844573e+01   1.1629272e+02   6.5338203e+00   6.8235922e+00   3.6002915e+01   7.4840770e+00   2.5341454e+02  -1.1476202e-01   5.4759770e+00  -6.0953030e+01   4.6409311e+01   1.7983549e+01  -1.6766239e+01  -4.7898015e+00   9.1527756e+01  -4.3302239e+01   3.3098912e+02   6.6336010e+00  -6.6528041e+01  -7.9749106e+01   6.1949164e+01   5.4857283e+00  -9.5333596e+00   7.7051641e+00  -1.9503016e+01   2.2292338e+02   9.5474766e+00   5.8962702e+00  -5.8250374e+01   3.6478279e+01  -5.0122121e-01   1.8090727e+01  -5.9854299e+00   8.2755363e+01  -9.2680028e+01   2.7650166e+02   2.6469204e+01  -6.3176690e+01  -9.6719649e+01   9.0876129e+01   1.0282372e+00   2.2775936e+01   2.0833131e+01  -2.6742210e+01   2.1669785e+02   1.2379952e+01   3.8401324e+00  -6.5193121e+01   5.0636315e+01   1.5970884e+00  -4.3972008e+00  -2.5703270e+00
   2.7211491e+01  -7.5755516e+01   2.1293333e+01  -1.2727004e+01  -1.3056463e+02  -4.5903033e+01   2.1001790e+01   8.6404903e+00   1.3240715e+01   1.7040666e+01  -1.3868370e+01   2.4415886e+01   3.5429794e+01   1.2540101e+00  -9.5012662e+00  -6.3220377e+00  -3.3913045e-01  -1.3021304e+01  -2.4023589e+00   2.7171481e+01  -1.3332849e+01   3.1172855e+01  -3.8263552e+01  -8.1234113e+01  -6.3506925e+01   2.0572263e+01   7.4973295e+00   1.3951466e+01   2.0727392e+01  -8.8001609e+00   2.4108439e+01   2.4160615e+01   4.1255835e+00  -4.7802420e+00   1.7816646e+00   4.3483630e+00  -1.3912302e+01  -1.5096967e+00   2.5430821e+01  -3.9554011e+01   4.5642886e+01  -2.8947558e+01  -8.5900836e+01  -6.1259137e+01  -1.6814406e+01   8.4620747e+00   1.7238513e+00   1.2683103e+01  -1.5496609e+01   2.5994843e+01   2.1850762e+01   4.6697582e+00   1.9632195e+00  -2.1131487e+00   3.0951327e+00  -2.0498961e+01  -1.5264564e+00   1.5601995e+01  -3.7857308e+01  -1.2620788e+01  -3.7725589e+01  -9.5860501e+01  -3.5482637e+01   1.9191709e+00   1.0722843e+01   1.6678259e+01   5.0419918e+00  -2.0442429e+01   2.8795472e+01   2.4709019e+01   3.7146293e+00  -2.7966570e+00   1.8196459e+00  -3.7480977e+00  -2.3746772e+01  -2.6465360e+00
   3.1306323e+01   8.8269003e+00   6.5028123e+01  -1.0647670e+02  -1.9409068e+01   3.1917732e+01  -1.5234084e+01   6.7599958e-01  -3.2498278e+00   1.1928175e+01   4.1557187e+00   3.7946074e+00   1.2540101e+00   2.6883834e+01  -5.6419094e+00  -1.3120418e+00   5.3015437e-01   1.5058216e+00  -2.0558436e+00  -3.3176471e+00   8.9682513e+00   1.0890490e+02  -7.7314980e+01  -1.0630455e+01   1.1551243e+01   1.3969797e+01   3.3550308e+00  -6.3533648e+00   6.4434051e+00   8.4454082e+00   6.8420693e+00   1.2911756e+00   1.7883271e+01  -1.0931942e+01   4.0755123e+00  -3.9324618e+00  -8.0249718e+00  -1.4007198e+00   3.0157766e+00  -6.3175675e+00   4.8733021e+01  -6.6634970e+01  -8.8467063e+00  -6.5682686e+00  -9.8670496e+00   2.0426536e+00   1.0149440e+00   1.3875530e+01   1.4711147e+01   4.2649412e+00  -5.1241977e-01   1.6948788e+01  -9.0892495e+00   7.8041739e+00   4.8955662e+00  -8.0485655e-01  -1.2512357e+00  -4.6258341e+00   6.0925012e+01   7.7383661e+01  -7.6219939e+01  -2.9020624e+01   2.8868546e+01   2.4193830e+01  -4.9457552e-01  -1.0778332e-01   3.3981520e+00   4.7057696e+00   1.3015906e+01   4.6696884e+00   1.9517965e+01  -1.5700594e+01   1.0933224e+00   6.1948774e+00  -2.0610335e+00  -1.4127057e+00
   2.0976149e+01   2.0636389e+02  -8.9205678e+01   1.8060188e+01   5.0795913e+01   2.5106073e+01  -2.0184270e+02  -6.6587457e-03   1.4313051e+01  -1.7592756e+01   3.9592590e+01  -5.8701663e+01  -9.5012662e+00  -5.6419094e+00   7.5851449e+01  -1.4668778e+00  -1.3127495e+01  -1.6835456e+01   5.7007021e-02   5.1810874e+01   6.7723584e+01  -9.0611390e+01   5.1148994e+01   4.1278161e+01   7.1983467e+01  -1.8941330e+02  -3.6068299e+00   1.8628817e+01  -2.0749035e+01   3.9887418e+01  -5.3885971e+01  -6.4917262e+00  -1.7458834e+01   5.6372355e+01  -2.9799287e+00  -1.8514267e+01  -1.1472135e+00   6.2880812e-01   2.7461670e+01   8.6431986e+01  -1.0652217e+02   6.0656030e+01   1.5883341e+01   6.3388275e+01  -1.9109486e+02  -5.1155418e+00   1.8092721e+01  -3.6220201e+00   4.8625362e+01  -2.9237223e+01   2.9957266e+00  -1.4933418e+01   6.7256980e+01  -5.9859842e+00  -1.2543048e+01  -1.9910670e-01   2.4105845e+00   3.8690951e+01   1.2935603e+02  -9.8225006e+01   7.6423593e+01   4.8703233e+01   5.7261841e+01  -2.0059092e+02  -3.3229228e+00   1.2277420e+01  -5.0619139e+00   5.2458650e+01  -4.6913665e+01  -4.3781307e+00  -1.5852267e+01   6.0816163e+01  -9.3944099e+00  -2.4004283e+01   6.1860103e+00   1.0059073e+00
   2.5014842e+01  -3.4966405e+01   1.5209679e+02   6.8095165e+01  -3.6299219e+00  -2.3556694e+02  -2.9330069e+01  -4.3777106e+00  -1.3784317e+01   2.2424076e+01  -4.1348675e+01   2.2043684e+01  -6.3220377e+00  -1.3120418e+00  -1.4668778e+00   9.5756569e+01  -1.9739173e+01   1.9834448e+01   1.8956154e-01  -2.0214255e+01  -2.3850105e+00   5.2985192e+01   5.5783501e+01  -8.5273875e+00  -1.5996620e+02  -3.7208910e+01   1.7785014e-01  -6.4002370e+00   3.3237335e+01  -7.0627835e+01   1.9593151e+01  -6.0141799e+00  -7.4372961e-01  -4.0480666e+00   7.1804718e+01  -2.5056821e+01   2.3422875e+01  -7.0849136e-01   6.2198837e+00  -4.2839768e+01  -5.7368982e+01   6.6458538e+01  -3.5095163e+01  -1.7723839e+02  -3.1137227e+01   1.0927842e+00  -1.3573904e-01   3.3820112e+01  -6.6043183e+01   3.0866664e+01   8.3555746e-01   1.5331452e+00  -1.0569663e+01   7.6401618e+01  -1.8992247e+01   2.9577782e+01  -1.0811524e+00   8.4901019e+00  -6.4885343e+01   1.9997499e+01   4.8628795e+01  -3.0268654e+01  -1.9861657e+02  -2.1614008e+01   7.0366366e-01  -1.1279347e+00   4.3914666e+01  -2.6099298e+01   1.3312261e+01   2.1395129e+00   2.5108836e+00  -1.2233188e+01   7.7864864e+01  -2.3368443e+01   9.3025063e+00   6.3531108e-01
   1.1215789e+02  -1.4136248e+01  -3.2525639e+02  -5.7280858e+01  -7.2122739e+01   1.3352258e+02   5.0254710e+01  -1.4327403e+01   3.9473493e+01  -3.2661356e+01   2.0834835e+01   1.2466342e+01  -3.3913045e-01   5.3015437e-01  -1.3127495e+01  -1.9739173e+01   1.4385334e+02   1.6476933e+01  -4.0515998e+00   1.1583620e+02  -6.3583070e+01  -2.8748516e+02  -8.0833082e+01  -3.4067276e+01   1.0268816e+02   1.4144553e+02  -1.1745127e+01   2.9404482e+01  -2.4677359e+01   3.6161843e+01  -6.3287980e+00  -8.4548558e+00   1.6514144e+01  -2.6723643e+01  -1.1969513e+01   1.1478592e+02   1.1453873e+01  -2.9192249e+00   9.5781591e+01   1.0213484e+01  -1.5058548e+02  -7.8265991e+01  -2.0286020e+01   9.6817792e+01   1.5565356e+02  -1.1376419e+01   1.3273033e+01  -5.8708701e+01   1.0849940e+01   2.6103459e+01  -4.0752449e+00   9.2444584e+00  -1.6923669e+01  -2.1959910e+01   1.1408860e+02   1.5494998e+01  -3.7666744e+00   1.5264459e+02   1.4672136e+02  -3.5356945e+02  -5.4738116e+01  -2.4719084e+01   1.3266738e+02   1.2549265e+02  -1.2578084e+01   3.0209962e+01  -4.7928888e+01   2.4978310e+01  -2.5838011e+01  -7.4165712e+00   6.5719937e+00  -1.8581580e+01  -1.5515968e+01   1.1521249e+02   2.0519997e+01  -3.0750161e+00
   1.1156325e+00   1.0264735e+02   2.3642800e+02  -4.4922583e+01  -6.6131126e+00   2.0747925e+01  -2.0598220e+01  -1.9033349e+00  -4.1398393e+01  -2.2695396e+00  -1.6164720e+01   3.6958782e+01  -1.3021304e+01   1.5058216e+00  -1.6835456e+01   1.9834448e+01   1.6476933e+01   1.2854329e+02  -3.1213186e+00  -7.4497761e+01   7.8591904e+01   1.8698536e+02  -4.2554299e+01  -1.9665740e+01   2.3699173e+00  -4.5969514e+01  -1.2106159e+00  -4.0021688e+01  -8.6545704e+00  -1.5744652e+01   5.2554670e+01  -1.3748653e+01   8.0910862e+00  -7.5171458e+00   1.8765367e+01   1.6500535e+01   7.9604905e+01  -2.1295586e+00  -2.5935464e+01   1.3461220e+02   2.0114543e+02  -3.8056753e+01   3.0298057e+01   1.4992397e+01   3.1475848e+01   2.2414316e+00  -2.8933370e+01  -1.4685952e+01  -1.8772973e+01   2.2613036e+01  -1.7613488e+01   5.7266429e+00  -3.1038862e+01   2.5458575e+01   9.9454941e+00   1.1286111e+02  -2.3587065e+00  -2.6120388e+00   1.9327023e+02   2.2455886e+02  -8.0502196e+01   1.6501164e+00   8.8761053e+00   1.5973191e+01  -1.3128647e+00  -3.7097026e+01  -1.3408761e+01  -4.2922578e+00   5.3373073e+01  -1.3287324e+01   1.4408504e+01  -2.0886120e+01   1.7411650e+01   2.6600825e+01   9.1657863e+01  -1.0972697e+00
  -2.6732711e+01  -8.5973526e+00   5.6765218e+01   1.1188294e+01   2.4878687e+01  -2.3481478e+01   2.5849497e+01  -5.3020262e+00  -6.4390914e+00  -5.8846080e+00  -4.0817030e+00  -6.0979092e+00  -2.4023589e+00  -2.0558436e+00   5.7007021e-02   1.8956154e-01  -4.0515998e+00  -3.1213186e+00   3.8539958e+00  -2.1588948e+01  -1.2297412e+01   3.5384668e+01   1.4156410e+01   7.3068132e+00  -2.0040432e+01   2.4811200e+00  -5.3390839e+00  -8.0818025e+00  -6.4671501e+00  -5.0854823e+00  -5.8175252e+00   7.0825802e-01  -1.7322743e+00   5.5216712e+00  -1.8492963e+00   5.7478689e+00  -2.2821217e+00   3.4926897e+00  -1.1376034e+01   6.5583249e+00   2.3307514e+01   9.7995573e+00   1.6735057e+01  -1.6968561e+01   4.2925359e+00  -4.2389088e+00  -1.3133236e+00  -9.1930579e+00  -6.0438491e-01  -6.0317234e+00  -2.9152457e+00  -8.0627157e-01   1.3659412e+00  -1.5070968e+00  -5.4266404e-01   7.4077579e-01   2.8212306e+00  -1.4668442e+01  -2.1526185e+01   2.1573633e+01   1.2299637e+01   1.5098582e+01  -2.8791266e+01   7.5419476e+00  -3.7902213e+00  -1.9741682e+00  -4.9467852e+00  -6.6435054e-01  -3.8151971e+00  -1.2731938e+00  -2.1191936e+00   3.8285252e+00  -7.5273404e-01   1.9283203e+00  -7.4041206e-01   3.2344125e+00
   1.0115817e+03   1.8391482e+01  -1.2757684e+03  -4.5792944e+01  -1.1926315e+02   3.4118053e+02  -3.9007568e+02  -2.2566080e+01   1.3352232e+02   3.2320436e+01   3.7231924e+01   6.1778706e+01   2.7171481e+01  -3.3176471e+00   5.1810874e+01  -2.0214255e+01   1.1583620e+02  -7.4497761e+01  -2.1588948e+01   1.5057532e+03  -1.5238689e+02  -1.2812728e+03  -1.0337475e+02   3.0218266e+01   2.5804430e+02  -1.4222851e+02  -4.0185410e+01   1.5571228e+02   5.2234955e+01   1.1319632e+02  -2.4147346e+01  -4.6309897e+00   4.3632429e+00   3.7559617e+00  -1.1169320e+01   6.3358308e+01   1.0065040e+01  -1.9259087e+01   1.0662833e+03  -1.1222146e+02  -9.8162308e+02  -1.1951540e+02  -7.6019839e+01   3.2023871e+02  -2.1024133e+02  -4.2326654e+01   9.2532598e+01   6.2269958e+01   5.6888590e+01   1.3756175e+02   2.2655676e+01   9.2787605e+00   4.8984901e+01  -5.4857430e+01   7.2146076e+01  -4.8553033e+01  -1.8622181e+01   1.1548813e+03   2.0586236e+02  -1.4171050e+03   2.1834657e+01   2.3466840e+01   3.6025496e+02  -2.1108653e+02  -3.4224345e+01   1.3429141e+02   1.0411305e+02   6.0514154e+01   3.2520802e+01  -3.6524506e+00  -2.4284788e+01   2.7976596e+01  -2.6954299e+01   5.1698480e+01  -4.1866187e+01  -1.8825163e+01
  -4.5369833e+00   5.6162593e+03  -4.4538560e+02   4.1972220e+00   8.6318668e+01  -5.2582551e+01  -5.6232064e+02   5.4480831e+01   2.4533667e+02  -4.3927419e+02   4.1919679e+02  -1.1176834e+02  -1.3332849e+01   8.9682513e+00   6.7723584e+01  -2.3850105e+00  -6.3583070e+01   7.8591904e+01  -1.2297412e+01  -1.5238689e+02   7.9137167e+03  -2.2126360e+02  -8.2457058e+01   1.8142278e+02  -9.3648343e+01  -5.8853281e+02  -3.9353761e+01   1.1496845e+02  -7.2703793e+02   3.5178239e+02   8.2621918e+01  -5.7372523e+01   7.6554773e-01  -1.7785393e+01  -1.4743144e+00  -2.3724928e+02   6.5946569e+00  -5.9709616e+00   5.4664487e+01   5.8810833e+03  -3.9788223e+01   7.7089959e+00   1.6868380e+02   1.1407890e+02  -4.6165915e+02  -1.1092157e+02   1.1625047e+02  -6.0620443e+02   4.6327913e+02   4.8405397e+01  -3.0397144e+01  -1.2038322e+01   6.1967426e+01   3.0201825e+01  -8.3590208e+01   1.1425938e+02   5.1263864e-01   5.1325808e+02   6.0398928e+03   6.7462399e+01   4.6667535e+01   3.0267236e+02   2.1359839e+02  -6.6839041e+02  -6.1273471e+01   1.4875136e+02  -6.5727606e+02   3.3117153e+02   3.3032858e+01  -1.0287922e+02  -9.3223490e+01   2.1258265e+01  -6.6867875e+01  -1.9446053e+02  -8.1176032e+01  -7.0028010e+00
  -6.5319955e+02   4.2476768e+02   8.9144178e+03  -1.8570182e+02  -1.4860507e+02  -9.9303525e+02   3.0721844e+02  -7.7368722e+01  -1.0225577e+03   2.5390844e+01  -2.7881157e+02   3.2927263e+02   3.1172855e+01   1.0890490e+02  -9.0611390e+01   5.2985192e+01  -2.8748516e+02   1.8698536e+02   3.5384668e+01  -1.2812728e+03  -2.2126360e+02   1.0826136e+04  -2.6859160e+02  -8.1378388e+01  -1.2437262e+03  -2.6990236e+02  -7.7500629e+01  -1.1625265e+03  -1.1863574e+02  -4.2013750e+02   6.1474537e+02   1.2500605e+01   1.3690820e+02   3.7198980e+01   5.0279108e+01  -2.2540725e+02   6.8721549e+01   3.9706943e+01  -6.1694294e+02   3.1070764e+02   8.1877799e+03  -2.4901887e+02  -1.9296748e+02  -9.7579048e+02  -2.8736849e+02  -6.6783140e+01  -9.2785176e+02   4.1578975e+01  -2.2336240e+02   4.2908974e+02   2.6420184e+01   9.2567505e+01  -1.5451477e+02   3.4411275e+01   2.5175532e+01   1.5305456e+02   4.2535229e+01  -8.5204606e+02  -2.4784087e+02   7.6133179e+03   7.7049907e+01  -1.4572643e+02  -7.6994586e+02  -4.4956273e+01  -1.0563795e+02  -8.2888076e+02  -9.8512319e+01  -4.5891979e+02   6.7210989e+02   4.8673263e+01  -9.5955991e-01  -1.2161321e+01   1.7895372e+01  -8.9639537e+01   8.9039191e+01   4.3796151e+01
  -1.5792073e+02   2.3870335e+01  -1.4257452e+02   6.7788892e+02   3.2780621e+02  -1.2641337e+02  -2.8516467e+02  -1.3811044e+01   1.8352342e+01  -1.5877017e+01   1.4696643e+02   9.3347483e+00  -3.8263552e+01  -7.7314980e+01   5.1148994e+01   5.5783501e+01  -8.0833082e+01  -4.2554299e+01   1.4156410e+01  -1.0337475e+02  -8.2457058e+01  -2.6859160e+02   9.2634466e+02   1.8627194e+02  -7.3815375e+01  -3.5816579e+02  -6.7662338e+00   4.7589449e+01  -2.8611561e+01   1.2441216e+02   1.4817933e+01  -2.2912901e+01  -1.3694813e+02   9.0208791e+01   3.7974373e+01  -1.9943067e+01  -9.2166668e+00   9.6885319e+00  -6.3458812e+01  -2.1609321e+01  -5.5890772e+02   7.4387257e+02   1.5469596e+02   4.9810001e+01  -2.6537689e+02  -1.3179581e+01   5.8411857e+01  -1.4961001e+01   1.1422190e+02   1.2903590e+01  -1.0325392e+01  -9.9765187e+01   4.7520816e+01   2.8662649e+01  -5.2655300e+01   2.3247230e+01   1.2721668e+01  -2.1608740e+01  -4.2617748e+02  -4.7487239e+02   6.7855543e+02   2.6746520e+02  -2.6800921e+02  -2.8805034e+02  -1.9950150e+01   6.3053130e+01   5.2169596e+01   1.6207074e+02  -3.3491206e+01  -2.2838186e+01  -9.1426297e+01   6.1332086e+01   5.5574541e+01  -8.4782980e+01   2.4162964e+00   1.3876500e+01
  -1.0954018e+02   3.2423012e+02  -2.6562007e+02   1.0071091e+02   5.5401169e+02   2.7198825e+02  -1.6667437e+02  -3.8243453e+00  -3.0045975e+01  -6.1352406e+01  -3.8251495e+01  -1.9737563e+01  -8.1234113e+01  -1.0630455e+01   4.1278161e+01  -8.5273875e+00  -3.4067276e+01  -1.9665740e+01   7.3068132e+00   3.0218266e+01   1.8142278e+02  -8.1378388e+01   1.8627194e+02   6.9728586e+02   3.2801946e+02  -1.0425471e+02  -1.9669489e+01  -3.7429322e+01  -6.2902869e+01  -7.6714991e+01  -5.1915350e+01  -1.1411928e+02  -2.6740883e+01  -2.9064396e-01  -2.0251686e+01  -5.4038595e+01   5.8078216e+00   7.8484010e+00  -3.4130673e+01   5.5624065e+02  -3.0606075e+02   8.2065275e+01   5.1552146e+02   3.0245651e+02  -1.0329374e+02  -2.4395935e+01  -3.1301616e+01  -6.0582259e+01  -7.8767504e+01  -3.2032604e+01  -7.7355632e+01  -1.8075396e+01   2.8939806e+01  -1.5719014e+01  -3.0268952e+01   1.8454104e+01   1.0320304e+01  -6.8942718e+01   5.9326143e+01   1.3999245e+02   1.9279369e+02   5.4727311e+02   1.9865543e+02  -1.5891043e+02  -2.5083824e+01  -9.8087128e+01  -1.4383089e+01  -8.2754323e+01  -7.6305618e+01  -8.1768483e+01  -2.8242798e+01   2.7095147e+01  -1.5224294e+01  -3.6393089e+01   3.6030499e+01   9.7747741e+00
   1.8841020e+02   2.5793863e+02  -1.5491219e+03  -1.6216394e+02   2.8097600e+02   1.5745167e+03  -3.8994029e+02   3.2316245e+01   1.3597137e+02  -1.1760733e+02   2.0806873e+02  -4.8844573e+01  -6.3506925e+01   1.1551243e+01   7.1983467e+01  -1.5996620e+02   1.0268816e+02   2.3699173e+00  -2.0040432e+01   2.5804430e+02  -9.3648343e+01  -1.2437262e+03  -7.3815375e+01   3.2801946e+02   1.7853813e+03  -8.5403870e+01   1.9619851e+01   1.1445266e+02  -3.2312586e+01   2.8521414e+02  -9.4653446e+01  -6.7350562e+01  -4.2269814e+00  -8.0626832e+00  -1.8698646e+02   6.4760218e+01   1.2988451e+00  -2.2048183e+01   2.3862490e+02  -1.7699839e+02  -1.1811988e+03  -3.7074025e+01   3.1839195e+02   1.5271026e+03  -7.6461508e+00   4.0039980e+00   1.0533740e+02  -4.9836833e+01   2.3183220e+02  -7.7336432e+01  -3.5135946e+01  -1.6348450e+01   3.2043423e+01  -1.6095603e+02   6.1816487e+01   3.8762989e+00  -1.4927374e+01   2.3251103e+02   1.3609562e+02  -9.5957595e+02  -1.3691858e+02   2.8869069e+02   1.5378785e+03  -7.5912580e+01   1.3289627e+01   4.4832683e+01  -1.0194355e+02   2.3149529e+02  -1.4604204e+02  -5.1671134e+01   3.7660082e+01   7.1734944e+00  -1.8450431e+02   6.5628595e+01   6.9421879e+01  -2.0943828e+01
   6.9813303e+01  -1.0745780e+03  -3.8890629e+02  -2.2738487e+02  -2.4176184e+02  -2.0393071e+01   1.6703978e+03   1.0577616e+01   6.8599945e+01   4.1768963e+01  -1.2988034e+02   1.1629272e+02   2.0572263e+01   1.3969797e+01  -1.8941330e+02  -3.7208910e+01   1.4144553e+02  -4.5969514e+01   2.4811200e+00  -1.4222851e+02  -5.8853281e+02  -2.6990236e+02  -3.5816579e+02  -1.0425471e+02  -8.5403870e+01   2.1163123e+03   4.1985578e+01   7.4725743e+00   6.8681320e+01  -7.8353218e+01   5.2846425e+01   1.0965109e+01   7.0176257e+01  -2.5176356e+02  -8.7273890e+00   1.2886463e+02  -6.3626188e+01  -2.9358892e+00   6.4221818e+01  -9.7587838e+02  -1.7617623e+02  -4.5291116e+02  -5.4330878e+01  -1.5178207e+02   1.6878081e+03   3.2232914e+01  -2.0245558e+01   1.0024269e+01  -1.9463194e+02  -1.5073208e+01  -1.3327615e+01   8.5597531e+01  -1.9388519e+02  -1.7898068e+01   9.7664440e+01  -1.3695517e+02  -7.9127164e+00  -7.0959130e+01  -6.7864271e+02  -4.0780404e+01  -4.1253471e+02  -1.8148949e+02   8.4697585e+01   1.6091491e+03   2.7243168e+01  -1.3906528e+01   2.7021994e+01  -1.6241073e+02   3.8495524e+01   1.2119848e+01   8.1181469e+01  -1.7375877e+02  -8.3364718e+00   1.9971926e+02  -7.7566533e+01   7.1153994e-01
  -5.2484748e+01  -2.1367924e+01  -1.1432165e+02  -1.7756429e+01  -3.7575750e+01   1.7554192e+01  -2.3669996e+00   2.8590121e+01   2.3550325e+01   3.3632912e+01   5.7873251e+00   6.5338203e+00   7.4973295e+00   3.3550308e+00  -3.6068299e+00   1.7785014e-01  -1.1745127e+01  -1.2106159e+00  -5.3390839e+00  -4.0185410e+01  -3.9353761e+01  -7.7500629e+01  -6.7662338e+00  -1.9669489e+01   1.9619851e+01   4.1985578e+01   3.7187967e+01   2.5033095e+01   3.9531621e+01   2.0183271e+01   9.8608418e+00   5.9906231e+00  -2.1459113e+00  -7.5954933e+00   6.6640843e+00  -1.4975248e+01  -7.0803161e+00  -7.0295196e+00  -5.2020717e+01  -7.0281949e+01  -9.5999789e+01  -3.9852631e+00  -3.5714755e+01   1.3946231e+01   4.4019773e+00   3.0066275e+01   9.8884952e+00   5.2639918e+01  -4.4803262e+00  -2.0163137e+01   1.1367659e+01   3.5775125e-01   2.6966439e+00   6.1420731e+00  -1.5539140e+01  -8.3891311e+00  -3.6383892e+00  -6.8839602e+01  -6.1280448e+01   6.4226665e+00  -3.8644798e+01  -5.1304900e+01   1.4857809e+01   2.5435210e+01   3.1091169e+01   7.2527715e+00   4.2735778e+01   4.5491141e-01   3.2159948e-01   1.3447917e+01   1.1066264e+01  -4.7949743e+00   7.0047394e+00  -1.5710881e+01   4.6804699e-01  -5.5680869e+00
   3.1129195e+01   1.4432140e+02  -1.0776901e+03   4.5735654e+01  -4.3414310e+01   8.6766621e+01  -1.5825550e+02   2.4722206e+01   2.3773640e+02   2.1867070e+00   1.5148059e+02   6.8235922e+00   1.3951466e+01  -6.3533648e+00   1.8628817e+01  -6.4002370e+00   2.9404482e+01  -4.0021688e+01  -8.0818025e+00   1.5571228e+02   1.1496845e+02  -1.1625265e+03   4.7589449e+01  -3.7429322e+01   1.1445266e+02   7.4725743e+00   2.5033095e+01   2.8218861e+02   1.5423129e+01   1.7288522e+02  -2.6911427e+01   2.1735868e+01  -1.9761480e+01  -2.5285913e+01   2.0430529e+00   3.5303369e+01  -4.2314181e+01  -8.4868405e+00   7.1120072e+01   1.1875064e+02  -8.4464641e+02   2.5257513e+01  -4.6346053e+01   6.7569394e+01  -7.6101538e+01   1.9466960e+01   2.0067386e+02  -8.7804252e-01   1.3924603e+02   2.8570450e+00   1.9518456e+01   3.5294532e+00   2.8238354e+01  -5.0513383e+00  -5.0514364e+00  -4.9857214e+01  -5.8899848e+00   7.2505440e+01   1.3933354e+02  -8.7832351e+02   8.4112021e+00  -2.3909868e+01   1.1846436e+02  -7.2895053e+01   2.4459868e+01   2.0993940e+02   4.6543631e+00   1.4933336e+02  -3.6686256e+01   1.7497921e+01  -1.4176263e-01   8.8613183e-01  -7.2377925e+00   2.0491747e+00  -4.4372571e+01  -9.5697700e+00
   2.7745961e+01  -6.5596617e+02  -2.6424606e+02   8.7899942e+00  -7.8194854e+01  -4.4702332e+01   4.8898329e+01   2.9002736e+01   1.9434788e+01   1.9577147e+02  -1.2723671e+02   3.6002915e+01   2.0727392e+01   6.4434051e+00  -2.0749035e+01   3.3237335e+01  -2.4677359e+01  -8.6545704e+00  -6.4671501e+00   5.2234955e+01  -7.2703793e+02  -1.1863574e+02  -2.8611561e+01  -6.2902869e+01  -3.2312586e+01   6.8681320e+01   3.9531621e+01   1.5423129e+01   2.4708423e+02  -1.2985415e+02   1.3928098e+00   1.8864285e+01   5.1288689e+00  -3.3489104e+00   3.0477999e+01  -2.5258499e+01  -8.7389415e+00  -7.9695268e+00   1.1309607e+01  -8.6600930e+02  -2.1124626e+02  -2.9872628e+01  -6.8426084e+01  -9.1681419e+01   2.9049122e+01   4.4852361e+01  -1.0893394e+00   2.5350146e+02  -1.7222044e+02  -2.6097197e+01   1.7100794e+01   9.1019258e+00  -1.1447379e+01   5.2520569e+01  -3.2109436e+01  -2.7310240e+01  -6.9471272e+00  -4.5290777e+01  -7.2988603e+02  -1.2187838e+01  -6.0281155e+01  -1.1513427e+02  -4.7708130e+01   1.1908188e+02   4.3803123e+01   2.0820624e+00   2.3196447e+02  -1.1917974e+02   7.2334167e-01   2.7195258e+01   2.2711311e+01  -1.5114179e+01   4.0718690e+01  -1.9907055e+01  -1.5973840e+01  -7.7165957e+00
  -2.0482494e+01   4.6313485e+02  -3.8337607e+02  -3.6938347e+01  -2.2514868e+01   3.4495664e+02  -3.4103128e+02   1.1363789e+01   1.5936004e+02  -1.0696023e+02   5.5003550e+02   7.4840770e+00  -8.8001609e+00   8.4454082e+00   3.9887418e+01  -7.0627835e+01   3.6161843e+01  -1.5744652e+01  -5.0854823e+00   1.1319632e+02   3.5178239e+02  -4.2013750e+02   1.2441216e+02  -7.6714991e+01   2.8521414e+02  -7.8353218e+01   2.0183271e+01   1.7288522e+02  -1.2985415e+02   6.8154154e+02   7.0916229e+01   1.2808896e+01  -2.9006910e+01  -6.8928712e+00  -4.9983011e+01   5.7075332e+01  -6.6852806e+01  -8.6453613e+00   5.7050316e+01   4.2943753e+02  -1.1136042e+02   1.0461235e+02  -5.9378835e+00   2.6143420e+02  -1.1209973e+02   5.3447024e-01   1.5481233e+02  -1.3766883e+02   6.2747492e+02   5.4474063e+01   1.9286493e+00  -2.2212135e+01   2.4435192e+01  -7.4055786e+01   3.9259242e+01  -1.5011144e+01  -3.2223661e+00   1.4070711e+02   5.1538669e+02  -5.4934403e+02   1.5724115e+01  -9.9790806e+00   2.9281185e+02  -1.9194413e+02  -8.9810650e+00   1.6455984e+02  -1.1708520e+02   5.7572592e+02   3.3473550e+01   4.0303061e+00  -1.0469730e+01   2.6341595e+01  -6.2706819e+01   3.9474778e+01  -1.0443452e+01  -3.6009458e+00
  -2.2835852e+01  -1.0773261e+00   4.5912311e+02   3.2975280e+01  -1.3357329e+02  -4.3859327e+01  -1.7304710e+01   1.1069105e+01  -1.5100396e+01   9.3326828e+00   1.0613799e+02   2.5341454e+02   2.4108439e+01   6.8420693e+00  -5.3885971e+01   1.9593151e+01  -6.3287980e+00   5.2554670e+01  -5.8175252e+00  -2.4147346e+01   8.2621918e+01   6.1474537e+02   1.4817933e+01  -5.1915350e+01  -9.4653446e+01   5.2846425e+01   9.8608418e+00  -2.6911427e+01   1.3928098e+00   7.0916229e+01   3.3541967e+02   7.5781359e+00   1.3267834e+01  -5.5342764e+01   3.3046892e+01  -1.2359508e+01  -1.5715895e+01  -3.0515915e+00   7.6312056e+01   1.8740906e+01   5.2373462e+02   3.5312566e+01  -4.9729081e+01  -1.3695990e+02   4.8087058e+01   6.6393690e+00  -2.1502811e+01  -8.1924934e+00   6.4189119e+01   2.3195337e+02   8.5110119e+00   1.7763771e+00  -6.5947690e+01   4.0159180e+01  -1.2452294e+01   4.4742884e+01  -5.0379034e+00   2.8045034e+01   7.2667574e+01   4.3346598e+02   1.2629957e+01  -6.6002636e+01  -1.3156656e+02  -1.0706220e+00   3.5526218e+00   1.1904849e+01  -8.5129193e+00   2.8483837e+01   2.4341492e+02   1.6456406e+01   5.6703692e+00  -5.2607904e+01   4.8402978e+01  -7.5500364e+00   8.4741653e+00  -1.8113844e+00
  -9.7131381e+00  -7.7158226e+01   2.0685283e+01   1.3274419e+00  -6.8490941e+01  -6.6111254e+01   2.7733029e+01   3.6707347e+00   1.6289846e+01   1.7095669e+01   3.0632722e+00  -1.1476202e-01   2.4160615e+01   1.2911756e+00  -6.4917262e+00  -6.0141799e+00  -8.4548558e+00  -1.3748653e+01   7.0825802e-01  -4.6309897e+00  -5.7372523e+01   1.2500605e+01  -2.2912901e+01  -1.1411928e+02  -6.7350562e+01   1.0965109e+01   5.9906231e+00   2.1735868e+01   1.8864285e+01   1.2808896e+01   7.5781359e+00   3.8444856e+01   5.1989411e+00   2.6441047e+00  -2.4775080e+00   8.0077346e+00  -1.5956824e+01   1.9218282e-01   1.0271997e+01  -9.8824862e+01   3.3117867e+01  -5.3635446e+00  -8.6533646e+01  -6.5185636e+01  -2.6492275e+01   5.4167668e+00   1.6823492e+01   2.0102100e+01   9.1374387e+00   3.0636246e+00   2.4653484e+01   5.0289157e+00   3.2645654e+00  -5.0274122e+00  -7.1854212e+00  -1.3622707e+01   1.7445827e-01  -5.6146717e+00  -7.0202586e+01  -1.2768149e+01  -2.9670695e+01  -9.0647391e+01  -4.6104988e+01   3.8530398e+00   9.2708328e+00   3.5965485e+01   1.3635225e+01   1.4424695e+01   1.5797544e+01   2.8661979e+01   6.1752314e+00   9.6463475e-01  -1.7866613e+00  -6.9275835e+00  -2.0482324e+01  -9.0046704e-01
